1652957159.803408,-0.0180268883705139,-0.0638152360916137,-0.0228330194950103,-0.6837858557701111,-0.0962313041090965,-0.7233093976974487,0.2896569371223449,-0.0580733343958854,-0.0024470994248986,-0.7573167865584077,0.0963804530640705,0.2127680837960653,89.0
1652957159.813328,-0.0143431425094604,-0.071713387966156,-0.0396166443824768,-0.684127926826477,-0.0980939194560051,-0.7227354645729065,0.2305878251791,-0.0357835292816162,0.0051970472559332,-0.7579627711509367,0.0982519198672439,0.2145811160409097,89.0
1652957159.823303,-0.0074120759963989,-0.0676483511924743,-0.0355707257986068,-0.6844062209129333,-0.0994695648550987,-0.7222838997840881,0.1774612218141555,-0.0377982109785079,0.0109782377257943,-0.7584778509594261,0.099634325260046,0.2160237936126985,89.0
1652957159.833396,-0.008462905883789,-0.0635605454444885,-0.0138179883360862,-0.6846827864646912,-0.1005618944764137,-0.7218703031539917,0.1399357467889785,-0.0357445925474166,0.0024577965959906,-0.7589655846668905,0.1007321605883312,0.2171589511748894,89.0
1652957159.843282,-0.0164135694503784,-0.0498629808425903,-0.0009573251008987,-0.6847736239433289,-0.1013986244797706,-0.7216671705245972,0.1247061938047409,-0.0138544738292694,0.0136318868026137,-0.759172332763428,0.1015731883868515,0.2181084014649462,89.0
1652957159.8531718,-0.0218487977981567,-0.0440436005592346,0.0014878511428833,-0.6847246289253235,-0.1021195575594902,-0.7216119170188904,0.1292877048254013,0.0053235348314046,0.0305175073444843,-0.7591748433350276,0.1022978835247544,0.2191221588203555,89.0
1652957159.863105,-0.0185009837150573,-0.0373937487602233,0.0009959414601325,-0.6845934987068176,-0.102802574634552,-0.7216393351554871,0.137559488415718,0.0158376954495906,0.0554345771670341,-0.7590601871752494,0.1029845189528967,0.2203568837371146,89.0
1652957159.8730822,-0.0133235454559326,-0.0291186571121215,0.0078940838575363,-0.6844456195831299,-0.10342937707901,-0.7216899991035461,0.1517751067876815,0.0229641012847423,0.0704540088772773,-0.7589172961440104,0.1036146759811908,0.2218039986182866,89.0
1652957159.8830671,-0.017333984375,-0.0222169160842895,0.0084846317768096,-0.6842498183250427,-0.104050412774086,-0.721786379814148,0.1685988157987594,0.0353230312466621,0.0853575840592384,-0.7587077779617732,0.1042390855100042,0.2234610850613186,89.0
1652957159.893012,-0.0183373093605041,-0.0125460624694824,0.0107724666595458,-0.6839484572410583,-0.104781873524189,-0.7219662666320801,0.1858067661523819,0.046849139034748,0.0925333946943283,-0.7583634261010735,0.1049745670217526,0.2253214870303701,89.0
1652957159.903125,-0.0178523063659667,-0.0068828463554382,0.0080670118331909,-0.6835484504699707,-0.105585940182209,-0.7222278714179993,0.2013218104839325,0.0639253258705139,0.0961116179823875,-0.7578904845336891,0.1057831150372281,0.2273328729508421,89.0
1652957159.912941,-0.0112631320953369,-0.0017257928848266,0.006025955080986,-0.6830728054046631,-0.106367751955986,-0.7225631475448608,0.2052390575408935,0.0698185861110687,0.1063093245029449,-0.7573112268808915,0.1065693527383839,0.2294637261747921,89.0
1652957159.922898,-0.0054238438606262,0.0034515857696533,-0.0069416165351867,-0.6825796961784363,-0.1070110201835632,-0.7229340076446533,0.1852379143238067,0.0780381709337234,0.1100510656833648,-0.7566946156609323,0.1072163191886969,0.2315991968374707,89.0
1652957159.932842,-0.0005293488502502,0.0149000287055969,-0.0153738632798194,-0.68205726146698,-0.1073220670223236,-0.7233808040618896,0.1242727637290954,0.087778516113758,0.119436539709568,-0.7560040427223907,0.1075291680161653,0.2334957710357822,89.0
1652957159.94278,0.0025386810302734,0.0229328870773315,-0.0195655077695846,-0.6814632415771484,-0.1070366874337196,-0.7239826917648315,0.0470264479517936,0.100599505007267,0.1287991404533386,-0.7551540146981464,0.1072421287451055,0.2349833183207894,89.0
1652957159.952757,0.007418930530548,0.0369163751602172,-0.0321998298168182,-0.6808045506477356,-0.1061210855841636,-0.7247368693351746,-0.0307668820023536,0.1096191555261612,0.1224438548088073,-0.7541518291555944,0.106321285520591,0.2359207867025163,89.0
1652957159.962681,0.0187450647354125,0.0481613874435424,-0.0245627760887146,-0.6801830530166626,-0.1047859787940979,-0.72551429271698,-0.0764108002185821,0.1049578264355659,0.1193428635597229,-0.753161122104868,0.1049786928272621,0.2364151488530182,89.0
1652957159.9728189,0.030144453048706,0.0530859231948852,-0.0093206316232681,-0.679741621017456,-0.103441834449768,-0.7261205911636353,-0.0526860952377319,0.0746033787727356,0.1054152995347976,-0.7524204539606195,0.1036272014704855,0.23677102536052,89.0
1652957159.982647,0.042735755443573,0.0517419576644897,0.0060093402862548,-0.6795307993888855,-0.1025822237133979,-0.7264397740364075,0.0292662940919399,0.0359233617782592,0.0902099832892417,-0.7520463968176829,0.1027629927242808,0.2373816255562493,89.0
1652957159.992595,0.0475509762763977,0.0381650328636169,0.0188971236348152,-0.6796004772186279,-0.1027441844344139,-0.7263516783714294,0.1687696576118469,-0.013038108125329,0.0605552271008491,-0.7521581069363741,0.1029258180213149,0.2386172354452164,89.0
1652957160.002548,0.0425993204116821,0.0318111777305603,0.032330110669136,-0.6798979043960571,-0.1042600348591804,-0.7258571982383728,0.2988105118274688,-0.0357857644557952,0.0333608910441398,-0.7527161390463308,0.1044498506999228,0.2405819096675572,89.0
1652957160.012541,0.0307965278625488,0.0327892303466796,0.0271494537591934,-0.6803021430969238,-0.1067850887775421,-0.7251110076904297,0.3595426082611084,-0.0293911416083574,0.019257852807641,-0.7535258668510526,0.106989079889468,0.243097514157925,89.0
1652957160.022694,0.0331106781959533,0.0321427583694458,-0.0055522322654724,-0.6806326508522034,-0.1093464568257331,-0.7244187593460083,0.3119388818740845,-0.0221337620168924,0.0220957193523645,-0.7542449058901673,0.1095655429078622,0.2456294397431511,89.0
1652957160.032481,0.0420332551002502,0.0296975970268249,-0.0479142069816589,-0.68091881275177,-0.1113112643361091,-0.723850429058075,0.192295029759407,-0.0225863382220268,0.0246448181569576,-0.7548463239281983,0.1115424193369417,0.2475879270689512,89.0
1652957160.042575,0.0548873543739318,0.0245870947837829,-0.0685648918151855,-0.6812148690223694,-0.11206866055727,-0.7234548926353455,0.0269497409462928,-0.0301880668848752,0.0251225903630256,-0.7553360996962929,0.1123045830601445,0.2485280534471597,89.0
1652957160.052359,0.0556892752647399,0.022248089313507,-0.0686499923467636,-0.6815590262413025,-0.1116783916950225,-0.7231910824775696,-0.1102365404367446,-0.045915525406599,0.0121705727651715,-0.7557702181489012,0.1119118476121212,0.2483840625738395,89.0
1652957160.0623422,0.04807049036026,0.0227894783020019,-0.0492819547653198,-0.6818901300430298,-0.1104928329586982,-0.7230610251426697,-0.1908293813467025,-0.0420190542936325,-0.0030291522853076,-0.7561023768409536,0.1107189064836018,0.2473606793444142,89.0
1652957160.072247,0.0396854877471923,0.029256522655487,-0.0324135571718215,-0.6821720004081726,-0.1089591458439827,-0.7230278849601746,-0.2065090239048004,-0.0470477901399135,-0.0062434733845293,-0.7563315725665273,0.1091759015856827,0.2459165895704022,89.0
1652957160.082238,0.032463788986206,0.0175486803054809,-0.0267977267503738,-0.6825034022331238,-0.1075101494789123,-0.722931981086731,-0.1885230988264084,-0.0614541620016098,-0.0264081303030252,-0.7566402343560179,0.1077183437720119,0.244407452631578,89.0
1652957160.092201,0.0225514769554138,0.0091984272003173,-0.0194227695465087,-0.6829671263694763,-0.1064317300915718,-0.7226536273956299,-0.1589711159467697,-0.0837057828903198,-0.0447038188576698,-0.7571715412365351,0.1066336980451189,0.2429568222073188,89.0
1652957160.102151,0.0105878114700317,0.0078043937683105,-0.0074934512376785,-0.6835309267044067,-0.1059556379914283,-0.7221903800964355,-0.1029960066080093,-0.090620145201683,-0.070481888949871,-0.7579035911790808,0.1061548964821449,0.2416323536170708,89.0
1652957160.1122289,0.0035161972045898,0.0020927190780639,0.0050699636340141,-0.6840886473655701,-0.1062357202172279,-0.7216208577156067,-0.0283027924597263,-0.105195365846157,-0.0765706375241279,-0.7587046938372393,0.1064365699156462,0.240644675844936,89.0
1652957160.12209,0.0029633045196533,-0.0085163712501525,0.0100921839475631,-0.6846802234649658,-0.1072143837809562,-0.7209147810935974,0.0413095727562904,-0.117528460919857,-0.0898648649454116,-0.7596250696631344,0.1074208564254436,0.2400663241574656,89.0
1652957160.132021,-0.0008186101913452,-0.0189724564552307,0.0084947794675827,-0.6853080987930298,-0.1086534634232521,-0.7201022505760193,0.0719375237822532,-0.1235551983118057,-0.0828205049037933,-0.7606459538300756,0.1088683944193805,0.2398334291595135,89.0
1652957160.142033,-0.001890480518341,-0.0291959047317504,-0.0027583688497543,-0.6859909892082214,-0.1100956350564956,-0.7192323803901672,0.0605826042592525,-0.1380563676357269,-0.083242081105709,-0.7617469702154364,0.1103192694007929,0.2396865568212622,89.0
1652957160.151934,-0.004410982131958,-0.0421836376190185,-0.0134540051221847,-0.6867663860321045,-0.1113476306200027,-0.718299150466919,0.0327072963118553,-0.1372684389352798,-0.0804658830165863,-0.762959694399176,0.1115790075487353,0.2394299667285384,89.0
1652957160.1619592,-0.0015791058540344,-0.0554418563842773,-0.0151857584714889,-0.6875230669975281,-0.1122709140181541,-0.7174310684204102,-0.0065732626244425,-0.1507512331008911,-0.0724050253629684,-0.7641138474380663,0.1125081198608309,0.2389363096912075,89.0
1652957160.171875,-0.0023390054702758,-0.0684321522712707,-0.0233973264694213,-0.6883653402328491,-0.1126958355307579,-0.7165562510490417,-0.0583582296967506,-0.1539773344993591,-0.0685000792145729,-0.7653350490096376,0.1129357522904802,0.2381711448709622,89.0
1652957160.181946,-0.0086164474487304,-0.0726183652877807,-0.030269369482994,-0.6892900466918945,-0.1125071421265602,-0.7156964540481567,-0.1198492869734764,-0.1393826901912689,-0.0576876401901245,-0.7666055907502226,0.112745852823461,0.2370885021457336,89.0
1652957160.192,-0.0158909559249877,-0.0770748853683471,-0.0241844058036804,-0.6901179552078247,-0.1118019372224807,-0.7150087952613831,-0.1546162515878677,-0.1253950595855713,-0.0552658401429653,-0.7676857027322812,0.1120361737195893,0.2357210858617008,89.0
1652957160.201779,-0.0181009769439697,-0.087726354598999,-0.0175082087516784,-0.6908071041107178,-0.1108639985322952,-0.7144891619682312,-0.1823778450489044,-0.1097780242562294,-0.0563188530504703,-0.7685477421370105,0.1110923679782889,0.2341186596832875,89.0
1652957160.211673,-0.0217583775520324,-0.0937268137931823,-0.0174454376101493,-0.6913305521011353,-0.1097823530435562,-0.7141497731208801,-0.2022142559289932,-0.0830689072608947,-0.0524672381579875,-0.769163716862659,0.110004079513156,0.2323449071790086,89.0
1652957160.221664,-0.0254409909248352,-0.1007856726646423,-0.018741063773632,-0.6916152834892273,-0.1086392849683761,-0.7140488624572754,-0.2142445594072342,-0.0459697470068931,-0.0502962283790111,-0.7694400796868394,0.1088541328216673,0.2304890622411211,89.0
1652957160.231633,-0.0252202749252319,-0.1114075779914856,-0.0164896324276924,-0.6916528344154358,-0.1075032949447631,-0.7141844630241394,-0.2028903067111969,-0.0088719120249152,-0.0361807122826576,-0.7693723402215257,0.1077114446996487,0.2287122059888938,89.0
1652957160.24161,-0.0180594325065612,-0.1141383051872253,-0.0102379098534584,-0.6914894580841064,-0.1064155399799346,-0.7145054340362549,-0.1789788454771042,0.0147303529083728,-0.0259805396199226,-0.7690297348617957,0.1066174170065936,0.2271225695274125,89.0
1652957160.251706,-0.0090510249137878,-0.1107115745544433,-0.0012842267751693,-0.6911594867706299,-0.1054204851388931,-0.7149720191955566,-0.1610500514507293,0.0427133031189441,-0.0146035552024841,-0.7684650237584885,0.1056167304895796,0.2257732574524509,89.0
1652957160.2615,-0.0038251876831054,-0.1071112155914306,-0.0024255365133285,-0.690678596496582,-0.1044317483901977,-0.7155816555023193,-0.1531338095664978,0.0737846717238426,0.003352009691298,-0.7676913401028856,0.1046225103203322,0.224636011708125,89.0
1652957160.271868,0.0001723766326904,-0.102981686592102,-0.0147420167922973,-0.6900069713592529,-0.1032542139291763,-0.7163999676704407,-0.1625962853431701,0.1031270623207092,0.0237588621675968,-0.7666340869277092,0.1034385730711727,0.2236422198439086,89.0
1652957160.281712,-0.0006220936775207,-0.0955312848091125,-0.0205420032143592,-0.6891056299209595,-0.1018182188272476,-0.71747225522995,-0.1706265211105346,0.1434206813573837,0.0487451739609241,-0.7652337864096774,0.1019949692638976,0.2227209558235158,89.0
1652957160.291178,0.0051969289779663,-0.0912245512008667,-0.0212783515453338,-0.6879209280014038,-0.1002121269702911,-0.7188340425491333,-0.1781493425369262,0.1882308721542358,0.0575879327952861,-0.7634269220898442,0.100380618386091,0.2219087210457491,89.0
1652957160.301136,0.015034794807434,-0.0964278578758239,-0.0276888534426689,-0.6864977478981018,-0.0985623747110366,-0.7204208970069885,-0.1816021353006363,0.21277616918087,0.0616934634745121,-0.7612912083611677,0.0987226568825007,0.2211104070054572,89.0
1652957160.311046,0.0193098187446594,-0.099180519580841,-0.0387558713555336,-0.6848981976509094,-0.0968794897198677,-0.7221695184707642,-0.1802814155817031,0.2364017516374588,0.0568055287003517,-0.7589157038215116,0.0970316796364617,0.2203209655974989,89.0
1652957160.32121,0.0119451284408569,-0.0958887934684753,-0.0482235625386238,-0.6831334829330444,-0.0951175168156623,-0.7240727543830872,-0.2041553109884262,0.2543421685695648,0.0536393001675605,-0.7563137713429826,0.0952615291067187,0.2193948819252173,89.0
1652957160.331028,-0.0010310411453247,-0.0890750288963317,-0.048826478421688,-0.6811893582344055,-0.0931565389037132,-0.7261562943458557,-0.2440989166498184,0.2817558348178863,0.0571959912776947,-0.7534574369508822,0.0932918021230372,0.2182817915044239,89.0
1652957160.341046,-0.0071980953216552,-0.079516053199768,-0.0572689026594162,-0.6790506839752197,-0.0909397229552269,-0.7284367680549622,-0.2704495787620544,0.3065583705902099,0.0561014339327812,-0.750324420128655,0.0910655394186563,0.2169589995888095,89.0
1652957160.350976,-0.0094601511955261,-0.0743592977523803,-0.0581211149692535,-0.6767733097076416,-0.0885463804006576,-0.7308470606803894,-0.299997478723526,0.3206807374954223,0.0494291074573993,-0.7470020684767044,0.0886624977742384,0.2153727333677492,89.0
1652957160.3609362,-0.0112167596817016,-0.0643110275268554,-0.0396334826946258,-0.6744521856307983,-0.0860989466309547,-0.7332810759544373,-0.285387635231018,0.3220994174480438,0.0376033410429954,-0.7436326626715719,0.0862056798984259,0.2137009750207833,89.0
1652957160.370894,-0.0069020390510559,-0.0623993277549743,-0.0283400267362594,-0.6720835566520691,-0.0838578641414642,-0.7357116341590881,-0.2581002116203308,0.3294391930103302,0.0304552279412746,-0.7402319396573862,0.0839564628941916,0.2121149204537049,89.0
1652957160.380858,-0.0022157430648803,-0.0628003478050232,-0.0310254618525505,-0.6696439385414124,-0.0819353610277175,-0.7381486892700195,-0.2221928387880325,0.3392739593982696,0.0172131918370723,-0.7367754095609105,0.0820273134875167,0.2106695532762452,89.0
1652957160.390921,0.0062342286109924,-0.0636521577835083,-0.0308978259563446,-0.6671381592750549,-0.0804455652832984,-0.7405775785446167,-0.1663954854011535,0.3417069911956787,0.0063618756830692,-0.7332761900193638,0.0805325841763428,0.2094431799721698,89.0
1652957160.400712,0.0182122588157653,-0.0755472779273986,-0.030575044453144,-0.6646507978439331,-0.0794408172369003,-0.742918848991394,-0.1116685941815376,0.3304298222064972,-0.0107153784483671,-0.7298502363891184,0.0795246127647123,0.2085322091860782,89.0
1652957160.4106932,0.0190083384513854,-0.0855693221092224,-0.0459715873003006,-0.6622272729873657,-0.07878427952528,-0.7451496720314026,-0.1034003347158432,0.318260133266449,-0.0329401046037673,-0.726546390334224,0.078866008056085,0.2076506854356987,89.0
1652957160.420685,0.005199909210205,-0.0784307718276977,-0.0554835945367813,-0.6598019599914551,-0.0781986713409423,-0.747359573841095,-0.1390052139759063,0.3262610733509063,-0.0586417391896247,-0.7232553844429656,0.0782785868452724,0.2064965273243679,89.0
1652957160.430623,-0.0115525722503662,-0.074217677116394,-0.0577516555786132,-0.6572706699371338,-0.0774412378668785,-0.7496653199195862,-0.1863768547773361,0.34383025765419,-0.0774461328983306,-0.7198214812912969,0.0775188497784073,0.2049251008121164,89.0
1652957160.44063,-0.020358383655548,-0.0689833760261535,-0.0629674717783927,-0.6546140909194946,-0.076406292617321,-0.7520920634269714,-0.2283866256475448,0.3522211015224457,-0.0893424749374389,-0.7162135683617715,0.0764808334927217,0.2029281549123235,89.0
1652957160.450534,-0.0234254002571105,-0.0715460777282714,-0.0574626773595809,-0.6518675684928894,-0.0751972422003746,-0.7545952796936035,-0.2508526444435119,0.3621669113636017,-0.1056431829929351,-0.7124878580926851,0.0752682907663853,0.2005801087205874,89.0
1652957160.4606829,-0.0260341167449951,-0.0779074430465698,-0.0250396728515625,-0.6490452885627747,-0.0741272047162056,-0.7571297287940979,-0.2192963063716888,0.3679478466510772,-0.1114829629659652,-0.7086848194140348,0.0741952611027479,0.198220336524476,89.0
1652957160.470443,-0.0291791558265686,-0.0858192443847656,-0.0034398585557937,-0.6461901068687439,-0.0733881369233131,-0.7596397399902344,-0.1666292995214462,0.3676498830318451,-0.1087213009595871,-0.7048732749626171,0.0734541763834343,0.1961285097823077,89.0
1652957160.480445,-0.0359684228897094,-0.0821396708488464,0.0037811025977134,-0.6432917714118958,-0.0730407312512397,-0.7621290683746338,-0.1014431193470954,0.3791779279708862,-0.1007635071873664,-0.7010424520914189,0.0731058335625657,0.1944543871667136,89.0
1652957160.490391,-0.047673761844635,-0.0859352350234985,0.0088386386632919,-0.640253484249115,-0.0730628669261932,-0.7646811604499817,-0.0461718067526817,0.3980994820594787,-0.0863067284226417,-0.6970638685163353,0.0731280279604899,0.1932612457921907,89.0
1652957160.500371,-0.0541421771049499,-0.0916032195091247,0.0148863643407821,-0.637050449848175,-0.0732970014214515,-0.7673292756080627,-0.0173505432903766,0.4250285625457763,-0.0574884004890918,-0.6928968110676701,0.0733627937055411,0.1925092367138738,89.0
1652957160.510281,-0.0568103790283203,-0.1026238203048706,0.0145094841718673,-0.6336345076560974,-0.0734999775886535,-0.7701331377029419,0.0047327880747616,0.4601007997989654,-0.0221342146396636,-0.6884655721824958,0.0735663128387028,0.1921610794807839,89.0
1652957160.520277,-0.0568296313285827,-0.1170811057090759,-0.0018240809440612,-0.6299684643745422,-0.073691688477993,-0.7731166481971741,0.0241672061383724,0.4995070397853851,0.0037660924717783,-0.683726060907057,0.0737585468899804,0.1922066336724768,89.0
1652957160.530334,-0.0470404624938964,-0.1281279325485229,-0.0090569406747818,-0.626039981842041,-0.0737982839345932,-0.776291012763977,0.0220659058541059,0.5222396850585938,0.020877169445157,-0.6786616105341297,0.0738654361667529,0.1924602665836106,89.0
1652957160.540216,-0.041373074054718,-0.1471964120864868,-0.0158935934305191,-0.621987521648407,-0.0737517848610878,-0.7795461416244507,-0.0061851730570197,0.5294991731643677,0.0158485881984233,-0.6734494474012511,0.0738188091001366,0.1926635826336385,89.0
1652957160.550122,-0.0526487827301025,-0.1674888134002685,-0.0172729194164276,-0.6177613735198975,-0.0735321417450904,-0.7829201221466064,-0.0360814221203327,0.5596281886100769,0.0026517510414123,-0.6680269589191843,0.0735985648841428,0.1925927160746637,89.0
1652957160.56023,-0.0698487758636474,-0.1843624114990234,-0.0218337625265121,-0.6132261157035828,-0.073197990655899,-0.7865085601806641,-0.0584072321653366,0.6021348834037781,-0.0099154394119977,-0.6622281869715348,0.073263514899099,0.1922907396443163,89.0
1652957160.570231,-0.0711492896080017,-0.1899763345718383,-0.0348871052265167,-0.6083398461341858,-0.0727026090025901,-0.7903398275375366,-0.1043410971760749,0.6357067823410034,-0.0270333252847194,-0.6560024943379593,0.0727668101679532,0.1916529970510654,89.0
1652957160.5802112,-0.076544165611267,-0.1897090673446655,-0.0476942136883735,-0.6031280755996704,-0.0717973634600639,-0.7944064736366272,-0.1901380270719528,0.6780723929405212,-0.0487290360033512,-0.6493748550087848,0.0718591912430189,0.190485728737188,89.0
1652957160.590119,-0.0847168564796447,-0.1842167377471923,-0.0486578419804573,-0.5974730849266052,-0.0703149512410163,-0.7988001704216003,-0.2664045691490173,0.7399203777313232,-0.0601929537951946,-0.642196235886565,0.0703730204925224,0.188652088077207,89.0
1652957160.6002731,-0.08025723695755,-0.1833260059356689,-0.0437888503074646,-0.5913278460502625,-0.0682716965675354,-0.8035361766815186,-0.343759536743164,0.7857091426849365,-0.0766486227512359,-0.6344203409806537,0.0683248466586282,0.1862823223476084,89.0
1652957160.610064,-0.0654177665710449,-0.1874538660049438,-0.0399236306548118,-0.5848812460899353,-0.0658502951264381,-0.8084414601325989,-0.380797266960144,0.8013991713523865,-0.0879376456141471,-0.6263030553299073,0.0658979803306256,0.1834746613199095,89.0
1652957160.620044,-0.06015145778656,-0.1969610452651977,-0.0222326815128326,-0.5782762765884399,-0.0634606778621673,-0.8133691549301147,-0.3507040739059448,0.8202862739562988,-0.1086597070097923,-0.6180465860842463,0.063503353143075,0.1805214088286737,89.0
1652957160.629973,-0.065522015094757,-0.2005496621131897,0.009902998805046,-0.5714713931083679,-0.0615540109574794,-0.8183102011680603,-0.2686558663845062,0.8401551246643066,-0.1229536160826683,-0.6096214101234776,0.0615929466756132,0.1777841185474149,89.0
1652957160.639986,-0.0771297216415405,-0.1995201110839843,0.0259434133768081,-0.5644718408584595,-0.060519840568304,-0.8232307434082031,-0.1627073436975479,0.8541318774223328,-0.1412103772163391,-0.6010496136366772,0.0605568441320925,0.1754936563005646,89.0
1652957160.649881,-0.0937035083770752,-0.1928834915161132,0.0373666137456893,-0.5571143627166748,-0.0604226477444171,-0.8282346725463867,-0.0515557825565338,0.914037585258484,-0.1404339224100113,-0.5921353858841107,0.0604594762032909,0.1737289779557335,89.0
1652957160.659884,-0.0992906689643859,-0.1872469782829284,0.0364935733377933,-0.5492383241653442,-0.0611059963703155,-0.833428680896759,0.0360454395413398,0.9650946259498596,-0.131465196609497,-0.582683515238057,0.0611440885846691,0.1725496857689532,89.0
1652957160.66998,-0.0890345573425293,-0.1737090349197387,0.0210232175886631,-0.5409244894981384,-0.0623440183699131,-0.838757336139679,0.0888256952166557,1.0129776000976562,-0.1245296373963356,-0.5727899512912042,0.0623844759849087,0.1718446333546485,89.0
1652957160.679771,-0.078491985797882,-0.1571764945983886,0.0122226774692535,-0.5322105288505554,-0.0639042034745216,-0.8441967964172363,0.1283989399671554,1.046244740486145,-0.1151507869362831,-0.5624975295048366,0.0639477746605731,0.1714350475003362,89.0
1652957160.689707,-0.0714201927185058,-0.1512738466262817,0.0074182301759719,-0.5232300758361816,-0.0656762942671775,-0.8496569991111755,0.1483974903821945,1.0677694082260132,-0.1133603006601333,-0.5519658516807884,0.0657235986638848,0.1711947483374291,89.0
1652957160.6996732,-0.0743560194969177,-0.149327278137207,0.0045710504055023,-0.5140228867530823,-0.0675440728664398,-0.8551130294799805,0.1466725617647171,1.0826343297958374,-0.1214629709720611,-0.5412403734792527,0.0675955402283609,0.1709418425429397,89.0
1652957160.7096229,-0.0872577428817749,-0.1420143842697143,-0.001032143831253,-0.5045391321182251,-0.0694024264812469,-0.8605948686599731,0.1444242447614669,1.119417667388916,-0.1236999481916427,-0.530261158939868,0.0694582632840781,0.1706247905996924,89.0
1652957160.719586,-0.0904093086719513,-0.1281771063804626,-0.0105322003364562,-0.4946889579296112,-0.0712243914604187,-0.8661466240882874,0.13433139026165,1.147932767868042,-0.1276089400053024,-0.5189267855038175,0.0712847449992171,0.1702386672615052,89.0
1652957160.729533,-0.0842529237270355,-0.105558693408966,-0.0140564814209938,-0.4845947027206421,-0.0729643926024437,-0.8716903924942017,0.1258487552404403,1.1641334295272827,-0.1291990727186203,-0.5073809511181502,0.0730292868401526,0.169740393054504,89.0
1652957160.739685,-0.0748951733112335,-0.0847930908203125,-0.0108274817466735,-0.474283903837204,-0.0746980458498001,-0.877197265625,0.1305729448795318,1.1809781789779663,-0.1401798278093338,-0.4956603797863355,0.0747676871282531,0.1691487401894189,89.0
1652957160.749453,-0.0660493075847625,-0.0633190274238586,-0.0012098923325538,-0.463796854019165,-0.076655700802803,-0.8826190233230591,0.1647392958402633,1.1829851865768433,-0.1445434093475341,-0.4838216243839791,0.0767309711058826,0.168578184148912,89.0
1652957160.759461,-0.0577327013015747,-0.0489467978477478,0.0057193338871002,-0.4532994031906128,-0.0789920464158058,-0.8878512978553772,0.2039652615785598,1.1722880601882937,-0.1537864506244659,-0.4720581279586491,0.0790744292757974,0.1680984656433823,89.0
1652957160.769565,-0.057150661945343,-0.0336019396781921,0.006648264825344,-0.4428035318851471,-0.0816147029399871,-0.8928964734077454,0.2271467447280883,1.165277123451233,-0.1578860431909561,-0.4603767736270429,0.0817055823425285,0.1676847364347053,89.0
1652957160.779372,-0.0583373308181762,-0.0151705741882324,0.0004830434918403,-0.4322937726974487,-0.0843606069684028,-0.8977780342102051,0.2263262271881103,1.1611665487289429,-0.1640874743461609,-0.4487507116783205,0.0844609912887004,0.1672270714982907,89.0
1652957160.789336,-0.0552503764629364,0.0114516019821167,-0.002950444817543,-0.4217546582221985,-0.0870764255523681,-0.9025191068649292,0.2201022356748581,1.1543816328048706,-0.1748594939708709,-0.4371538989900405,0.0871868421804769,0.1666614969077814,89.0
1652957160.799343,-0.0521430969238281,0.0298107862472534,-0.0041891038417816,-0.411281555891037,-0.0898508206009864,-0.9070690870285034,0.2291942536830902,1.1362916231155396,-0.1895324438810348,-0.4256928024242596,0.0899721605461226,0.1659438915007614,89.0
1652957160.809142,-0.0443050861358642,0.0479457378387451,0.0025078281760215,-0.4008548259735107,-0.0928398594260215,-0.9114253520965576,0.256944864988327,1.1196476221084597,-0.2056781649589538,-0.4143484436623511,0.0929737510183357,0.1651205875205859,89.0
1652957160.819226,-0.0347700417041778,0.0548281073570251,0.0085263103246688,-0.3905992209911346,-0.0962490886449813,-0.9155153632164,0.310778260231018,1.0918601751327517,-0.2218595296144485,-0.4032623782456583,0.0963983187750674,0.1642918525839873,89.0
1652957160.829162,-0.0295107662677764,0.0597044229507446,0.0137680396437644,-0.3805539011955261,-0.100254863500595,-0.9193082451820374,0.3694989681243896,1.0589464902877808,-0.2398935854434967,-0.3924798811800644,0.1004235702335399,0.163466712045971,89.0
1652957160.839309,-0.0242114663124084,0.0703348517417907,0.0195692256093025,-0.3707317411899566,-0.10475904494524,-0.922812819480896,0.4080948233604431,1.024766206741333,-0.2497944235801696,-0.3820063407449627,0.1049516105735439,0.1626716518279008,89.0
1652957160.849069,-0.0215528607368469,0.0819337368011474,0.0113959684967994,-0.3611680865287781,-0.1094947233796119,-0.9260499477386476,0.4154294431209564,0.9965842366218568,-0.2548559308052063,-0.3718641473993088,0.1097147055302218,0.1618447005233859,89.0
1652957160.859045,-0.0235213339328765,0.1036210656166076,-0.002912662923336,-0.3517380654811859,-0.1140764728188514,-0.9291215538978576,0.3754271566867828,0.982600748538971,-0.264670729637146,-0.3618973488879725,0.1143253552400311,0.1608253736191483,89.0
1652957160.868962,-0.0233339667320251,0.119362473487854,-0.0066914185881614,-0.3423734009265899,-0.118262805044651,-0.9320914149284364,0.3313533961772918,0.9707329869270324,-0.2696660459041595,-0.3520183127843974,0.1185402282634328,0.1595641633819684,89.0
1652957160.878953,-0.016201227903366,0.1331375837326049,-0.0077118799090385,-0.3331334888935089,-0.1220946535468101,-0.9349411725997924,0.300406664609909,0.9463956952095032,-0.2761276960372925,-0.3422894660762147,0.1224000512132418,0.1580816919018197,89.0
1652957160.888999,-0.0114213824272155,0.1473363041877746,0.0039214193820953,-0.3241193890571594,-0.1257628500461578,-0.9376195073127748,0.2871609628200531,0.9130312204360962,-0.2900237143039703,-0.3328240294759639,0.1260967484030883,0.1563675240783327,89.0
1652957160.8988938,-0.0129328966140747,0.1587980389595031,0.0213120132684707,-0.3152836263179779,-0.129359483718872,-0.9401395320892334,0.2801563143730163,0.894736647605896,-0.2937018275260925,-0.3235719376950925,0.1297230085739588,0.1545114546225593,89.0
1652957160.9089742,-0.0135161876678466,0.1732677221298217,0.0268827527761459,-0.3066436648368835,-0.1328397840261459,-0.9425089955329896,0.262982040643692,0.8660741448402405,-0.2900583744049072,-0.3145468641597211,0.1332336046474659,0.1525857492640921,89.0
1652957160.9188,-0.0116667747497558,0.1909049749374389,0.0245718657970428,-0.2982849776744842,-0.1360220611095428,-0.9447349309921264,0.2370793372392654,0.8346736431121826,-0.2754645049571991,-0.3058284781559855,0.1364450353525446,0.1506631310185601,89.0
1652957160.928831,-0.0069567263126373,0.1987034678459167,0.0273885130882263,-0.2902234494686126,-0.1389912962913513,-0.9468113780021667,0.2222774177789688,0.7991864681243896,-0.2600559294223785,-0.2974342561432001,0.1394427544245374,0.1487755697296679,89.0
1652957160.938746,-0.0021561086177825,0.2149140834808349,0.0380005836486816,-0.2825270891189575,-0.1417755931615829,-0.9487244486808776,0.2181761562824249,0.7633088827133179,-0.2415333688259124,-0.289434275913395,0.1422549042552852,0.1470080418981895,89.0
1652957160.948653,0.0010964572429656,0.2276099324226379,0.0502247214317321,-0.2751748263835907,-0.1445545554161071,-0.9504645466804504,0.2339677065610885,0.7235375046730042,-0.2233821451663971,-0.2818110435900811,0.145062781639976,0.1453945959649441,89.0
1652957160.95862,0.0086348056793212,0.2308600544929504,0.0534431040287017,-0.2681715190410614,-0.1475440561771392,-0.9520056843757628,0.2799226641654968,0.6875606179237366,-0.2001431286334991,-0.274576178050552,0.1480846914869013,0.1440514544806279,89.0
1652957160.968556,0.0171111524105072,0.2266129851341247,0.0417250096797943,-0.2615874707698822,-0.1508864015340805,-0.9533128142356871,0.316849946975708,0.6379637122154236,-0.1789962351322174,-0.2678067851432796,0.1514648790244636,0.1430352293874941,89.0
1652957160.9786692,0.0202488899230957,0.2260183691978454,0.0233462154865264,-0.2554936707019806,-0.154434472322464,-0.954396665096283,0.3288927376270294,0.5915544033050537,-0.1784199178218841,-0.2615685078103909,0.1550550304801377,0.1421513455812813,89.0
1652957160.988477,0.0168495029211044,0.2460708022117614,0.0110999792814254,-0.2497443854808807,-0.1579352915287017,-0.9553450345993042,0.3134019374847412,0.5616998076438904,-0.1844667792320251,-0.2556958025920264,0.1585993533814059,0.1412321725041675,89.0
1652957160.9984388,0.0184979140758514,0.2455609440803527,-0.0064011812210083,-0.2441143691539764,-0.1612013578414917,-0.9562543034553528,0.2800948619842529,0.5513284206390381,-0.1876625716686248,-0.2499436047015905,0.1619078083907033,0.1401613371658644,89.0
1652957161.008392,0.0340982675552368,0.2424076795578003,-0.0409019738435745,-0.2387339025735855,-0.1641303747892379,-0.957114040851593,0.2309032082557678,0.5023745894432068,-0.2091714441776275,-0.2444430399126556,0.1648763652658333,0.1388661308818307,89.0
1652957161.018357,0.0505103170871734,0.2492313981056213,-0.0637283027172088,-0.2339514791965484,-0.1666183918714523,-0.9578648209571838,0.1830885410308838,0.4200085997581482,-0.2479212433099746,-0.2395527126674315,0.1673991214997021,0.1371463788559496,89.0
1652957161.028319,0.055014818906784,0.2536227703094482,-0.058236539363861,-0.2298958003520965,-0.1688447594642639,-0.9584567546844482,0.1604928225278854,0.3366266191005707,-0.294748842716217,-0.2354129604010907,0.1696574818356265,0.1349108650176371,89.0
1652957161.038298,0.048607587814331,0.2306519150733947,-0.043115496635437,-0.226464033126831,-0.1711636930704116,-0.9588623642921448,0.1767575591802597,0.2695913910865783,-0.3339553773403168,-0.2319298312458092,0.1720106669264593,0.132213176614165,89.0
1652957161.04841,0.0477565973997116,0.2145714163780212,-0.0394424051046371,-0.2235530912876129,-0.1736770868301391,-0.959093451499939,0.1852192729711532,0.2070028632879257,-0.3792101442813873,-0.2289991689586691,0.1745622820521477,0.1290988588096476,89.0
1652957161.058209,0.0497273802757263,0.2044265866279602,-0.0441446304321289,-0.2213124632835388,-0.1763448715209961,-0.9591262936592102,0.1937046498060226,0.1187827214598655,-0.416968435049057,-0.2267747073054158,0.1772718852327281,0.1256143053794416,89.0
1652957161.068142,0.0513006746768951,0.2019016146659851,-0.0385366380214691,-0.2198339998722076,-0.1792062819004058,-0.9589359164237976,0.208360269665718,0.0336643606424331,-0.4525130093097687,-0.2253539044544631,0.1801796175250431,0.1217767610739792,89.0
1652957161.078137,0.0473213195800781,0.1946710348129272,-0.0269682556390762,-0.2189826965332031,-0.1824128627777099,-0.9585260152816772,0.2472948879003524,-0.0369304455816745,-0.4951669871807098,-0.2246031287674441,0.1834399255013832,0.1176076295684456,89.0
1652957161.088043,0.0444083213806152,0.1850759387016296,-0.0164327472448349,-0.2187400013208389,-0.1860208660364151,-0.9578878283500672,0.277159035205841,-0.1052274256944656,-0.5138782858848572,-0.2245069903797958,0.1871107628295505,0.1132278264944222,89.0
1652957161.098061,0.0404348820447921,0.1720440983772277,-0.0156889408826828,-0.2191153019666671,-0.1897095888853073,-0.957078218460083,0.2554257810115814,-0.1718306839466095,-0.5210573673248291,-0.2250632030462581,0.1908663617418729,0.1087002050087852,89.0
1652957161.1080132,0.0313839465379715,0.1563522219657898,-0.018882930278778,-0.219967320561409,-0.1931837201118469,-0.9561874270439148,0.2325007617473602,-0.2182818502187729,-0.5266114473342896,-0.2261122972682709,0.1944059666512263,0.104079501626481,89.0
1652957161.117969,0.0161774456501007,0.1335906386375427,-0.0071154236793518,-0.2210419327020645,-0.1964368373155594,-0.9552764296531676,0.2068193703889846,-0.2215112000703811,-0.5250503420829773,-0.2273886755411152,0.1977226232054207,0.0993608262478129,89.0
1652957161.127722,0.008288562297821,0.1142624020576477,-0.0050954967737197,-0.2221099436283111,-0.199341744184494,-0.9544265270233154,0.1603908836841583,-0.211586132645607,-0.5157851576805115,-0.2286460124222908,0.2006861412938881,0.0946316407549369,89.0
1652957161.137815,0.0078224539756774,0.113260269165039,-0.0104182362556457,-0.2230018973350525,-0.2017399817705154,-0.9537143707275392,0.0997469872236251,-0.1961430013179779,-0.5262841582298279,-0.2296977919158764,0.2031341015335379,0.0897688170849231,89.0
1652957161.147676,0.0207095742225646,0.1285216212272644,0.0111152678728103,-0.2237277626991272,-0.2037269622087478,-0.9531218409538268,0.0724743530154228,-0.1871385872364044,-0.5459553599357605,-0.2305575481891302,0.2051632274635376,0.0846939424903943,89.0
1652957161.157635,0.0278042405843734,0.107607364654541,0.0375707745552063,-0.2245357930660247,-0.2057989090681076,-0.9524864554405212,0.1075242161750793,-0.2326062023639679,-0.5561981201171875,-0.2315097725150365,0.2072800274922119,0.0794137514610869,89.0
1652957161.167609,0.0283576548099517,0.0667174458503723,0.0576109737157821,-0.226019948720932,-0.2083067148923874,-0.9515898823738098,0.17270427942276,-0.3053456544876098,-0.5297715663909912,-0.2331970685910995,0.209843382663633,0.0743711407138678,89.0
1652957161.177614,0.0145205855369567,0.0389978289604187,0.0634584724903106,-0.2278537005186081,-0.2113466709852218,-0.9504815936088562,0.2229637205600738,-0.3043791949748993,-0.5196981430053711,-0.2352844453535064,0.2129525546196869,0.0696518527650728,89.0
1652957161.187645,-0.0028393268585205,0.0121030807495117,0.0709496885538101,-0.2296130508184433,-0.2148705869913101,-0.949267327785492,0.2687005698680877,-0.2984312772750854,-0.5174943804740906,-0.2373260724727175,0.2165593196484159,0.0651054749650529,89.0
1652957161.197937,-0.0094403326511383,0.0039751529693603,0.0789562463760376,-0.2314043939113617,-0.2186199277639389,-0.9479753971099854,0.269421637058258,-0.3102785944938659,-0.5062755942344666,-0.2394216460270201,0.2203999678757062,0.0606872658473241,89.0
1652957161.207762,-0.0126741230487823,0.0056139826774597,0.0674233734607696,-0.2332517653703689,-0.2220254093408584,-0.9467303156852722,0.2023418694734573,-0.3097620904445648,-0.4899171590805053,-0.241565076681561,0.22389123711106,0.0562956016280681,89.0
1652957161.217522,-0.0165880024433136,0.0079287886619567,0.0515462905168533,-0.2349531203508377,-0.224657267332077,-0.9456881880760192,0.1213604658842086,-0.2808747887611389,-0.4684725701808929,-0.2435162068674185,0.2265912917178603,0.0519280578934903,89.0
1652957161.227505,-0.0099270343780517,0.0049889087677001,0.0590119659900665,-0.2365176677703857,-0.2266450375318527,-0.9448235034942628,0.0790673419833183,-0.2686611413955688,-0.440581351518631,-0.2452892278020674,0.2286316979674467,0.0476594250494411,89.0
1652957161.237502,0.0076395124197006,-0.003517746925354,0.0852023661136627,-0.2381692975759506,-0.2284366190433502,-0.9439767599105836,0.0944116786122322,-0.2951910197734833,-0.4134602546691894,-0.2471461479456349,0.2304715409575397,0.0436381862891315,89.0
1652957161.247483,0.01454658806324,-0.0142663121223449,0.1133671849966049,-0.2401630282402038,-0.2304631322622299,-0.9429785013198853,0.1420668214559555,-0.3200839459896087,-0.3831863403320312,-0.249383739121432,0.232553594681852,0.0399623968468454,89.0
1652957161.257627,0.0066663324832916,-0.0316112041473388,0.131488636136055,-0.2423230558633804,-0.2329748421907425,-0.941807985305786,0.2066351622343063,-0.3110755383968353,-0.3498012125492096,-0.2518332505402998,0.2351355817438375,0.0367693442123242,89.0
1652957161.267424,-0.0025380849838256,-0.0409576296806335,0.1389567404985427,-0.2443643659353256,-0.2360331416130066,-0.9405181407928468,0.2727600634098053,-0.2894032895565033,-0.3231028020381927,-0.2541983897614964,0.2382816066331964,0.0340482257856369,89.0
1652957161.27733,-0.0009346008300781,-0.0406507849693298,0.143202543258667,-0.2462272644042968,-0.2395923137664795,-0.9391313195228576,0.3284488916397095,-0.2622100114822387,-0.2830483317375183,-0.2564147250690529,0.2419459085849631,0.0318177674492065,89.0
1652957161.287358,0.0117298364639282,-0.0472633242607116,0.1376043111085891,-0.247905358672142,-0.2434697896242141,-0.9376915097236632,0.3626728355884552,-0.2322099357843399,-0.2360241264104843,-0.2584648073413804,0.2459416958747315,0.030147680411402,89.0
1652957161.297327,0.0310064107179641,-0.0478308200836181,0.1257257461547851,-0.2494359761476516,-0.2475214153528213,-0.9362237453460692,0.3844502866268158,-0.2233581095933914,-0.2188744395971298,-0.2603793192319804,0.2501212272679141,0.0288683959564643,89.0
1652957161.307193,0.0436263084411621,-0.0400895476341247,0.1295200586318969,-0.2510084807872772,-0.2517581880092621,-0.9346724152565002,0.4158584177494049,-0.2227454334497451,-0.1997349113225937,-0.2623620706384241,0.2544965446633749,0.0278889181390948,89.0
1652957161.3171391,0.0437007844448089,-0.039563238620758,0.14610555768013,-0.2526088654994964,-0.2562587559223175,-0.9330167174339294,0.4456834197044372,-0.2177685052156448,-0.1918647289276123,-0.264405340887716,0.2591497179154974,0.0270596242642212,89.0
1652957161.32752,0.0349771380424499,-0.0339152812957763,0.1589521765708923,-0.2541086077690124,-0.2609419226646423,-0.931309938430786,0.463028073310852,-0.20151948928833,-0.1743971705436706,-0.2663669719906481,0.2639978059227699,0.0264457515996777,89.0
1652957161.33718,0.0298564136028289,-0.029494822025299,0.1676058769226074,-0.2553965449333191,-0.265750378370285,-0.9295963048934937,0.4887177050113678,-0.1669423431158065,-0.1429542899131775,-0.2681237106549438,0.2689822000549444,0.0261407650745598,89.0
1652957161.346881,0.0424135327339172,-0.0298678278923034,0.1719377338886261,-0.2565858960151672,-0.2706620991230011,-0.927850067615509,0.5053540468215942,-0.1660139113664627,-0.1103304252028465,-0.2697956202350171,0.2740807204641482,0.0262744848436045,89.0
1652957161.3569388,0.0595770478248596,-0.0224217176437377,0.1763816475868225,-0.2580023407936096,-0.2755943238735199,-0.9260035157203674,0.5136298537254333,-0.1987825185060501,-0.0768744647502899,-0.2717277903292188,0.2792079117771692,0.0267325908924954,89.0
1652957161.36695,0.0596811175346374,-0.0141192078590393,0.1975577473640442,-0.2597391009330749,-0.2805198132991791,-0.9240369200706482,0.5270807147026062,-0.2150043100118637,-0.0330424085259437,-0.2740207438229055,0.2843356236773569,0.027605517182457,89.0
1652957161.376913,0.0500909686088562,-0.0271307229995727,0.2098733186721801,-0.2616693377494812,-0.2854958474636078,-0.9219659566879272,0.5509465932846069,-0.2062204033136367,0.021573968231678,-0.2765443918688848,0.2895237840030871,0.0290679346357463,89.0
1652957161.3868542,0.0463938117027282,-0.0524644255638122,0.2096977829933166,-0.2636942267417907,-0.2904930710792541,-0.9198256134986876,0.5676301121711731,-0.208095908164978,0.0691268369555473,-0.2791908722343324,0.2947420766145516,0.0311209428549704,89.0
1652957161.3971992,0.0514968633651733,-0.0624686479568481,0.2071931064128875,-0.2659591436386108,-0.2955567240715027,-0.9175575971603394,0.5947901010513306,-0.2275609523057937,0.1089898273348808,-0.2821241551550912,0.300038236381264,0.0336881294330623,89.0
1652957161.406784,0.0519972145557403,-0.07521253824234,0.1990219950675964,-0.2684736251831054,-0.3007217943668365,-0.91514390707016,0.6162691712379456,-0.2342077791690826,0.1458296924829483,-0.2853610411731299,0.3054493793260348,0.0367364634744231,89.0
1652957161.416775,0.0385960340499877,-0.0852096080780029,0.1891829967498779,-0.2710026502609253,-0.3059737980365753,-0.9126541614532472,0.636549174785614,-0.2153472751379013,0.1755324602127075,-0.288646225820392,0.3109611111723228,0.0402011926091109,89.0
1652957161.42688,0.0264765620231628,-0.0850314497947692,0.1937867999076843,-0.2733637392520904,-0.3113405108451843,-0.9101315140724182,0.661472737789154,-0.1792693138122558,0.2009562402963638,-0.2917836591563921,0.3166033259620179,0.0440244413378657,89.0
1652957161.436801,0.0230726301670074,-0.0851178765296936,0.208391934633255,-0.27548348903656,-0.3167598247528076,-0.9076188802719116,0.6691258549690247,-0.1440388858318328,0.2334055304527282,-0.2946860599258075,0.3223114468810322,0.0482174479686663,89.0
1652957161.4469662,0.0247499942779541,-0.0927172899246215,0.2069833278656005,-0.2773745059967041,-0.3220956325531006,-0.9051617383956908,0.662010908126831,-0.1030593961477279,0.2622002363204956,-0.2973512227359809,0.3279422666814399,0.0527491620893744,89.0
1652957161.456722,0.0264770984649658,-0.0932233333587646,0.2011283338069915,-0.2791016399860382,-0.3271659314632416,-0.9028093218803406,0.6437027454376221,-0.0810646191239357,0.2970578074455261,-0.2998281006207813,0.3333029047228234,0.0575833257230491,89.0
1652957161.466679,0.0235827565193176,-0.0776291489601135,0.2147297859191894,-0.2807391285896301,-0.3321614265441894,-0.900474488735199,0.6764045357704163,-0.052346259355545,0.3347542285919189,-0.3022178334556628,0.3385941888870218,0.0628086753461186,89.0
1652957161.476742,0.0234916508197784,-0.0917648673057556,0.2432815432548523,-0.2823112308979034,-0.3376571536064148,-0.8979354500770569,0.7816465497016907,-0.0351909771561622,0.3843255341053009,-0.3046152218584324,0.3444267494966164,0.0687236530966554,89.0
1652957161.486453,0.0240093171596527,-0.1098872423171997,0.2470251023769378,-0.2840496003627777,-0.3440252542495727,-0.8949650526046753,0.9037743806838988,-0.0453409738838672,0.4206060767173767,-0.3073301792267414,0.351200471988038,0.0754770962203948,89.0
1652957161.496433,0.0156917572021484,-0.1229415535926818,0.2571798861026764,-0.2859859466552734,-0.3513571321964264,-0.8914932608604431,1.0313224792480469,-0.043481022119522,0.4612933397293091,-0.3104232743137876,0.3590202669997679,0.0830443252277092,89.0
1652957161.506505,0.0026929974555969,-0.1605123281478881,0.2555280327796936,-0.2879865765571594,-0.3597150444984436,-0.8875070810317993,1.166257619857788,-0.0289840511977672,0.4864976108074188,-0.3137699397059413,0.3679624642500538,0.0914395888119516,89.0
1652957161.516344,-0.0131251513957977,-0.1851807832717895,0.2327719926834106,-0.2899296581745147,-0.3691703081130981,-0.882980227470398,1.2899043560028076,-0.0097054280340671,0.4956056475639343,-0.3172620366257548,0.3781161038328459,0.1005112942966162,89.0
1652957161.526326,-0.0288125276565551,-0.2022702693939209,0.224115639925003,-0.2918509244918823,-0.3793433010578155,-0.8780214786529541,1.3565819263458252,0.0085598621517419,0.5266441106796265,-0.3209068214535494,0.3890864432675298,0.1102057288683925,89.0
1652957161.536394,-0.0441658198833465,-0.2302895188331604,0.2073262333869934,-0.2937095463275909,-0.3895772099494934,-0.8729056715965271,1.3422967195510864,0.0487048849463462,0.5624910593032837,-0.3245739375248781,0.400172503623988,0.1204064674554624,89.0
1652957161.546194,-0.0567511618137359,-0.235736072063446,0.1616677343845367,-0.2951470017433166,-0.3990792334079742,-0.8681151866912842,1.2367215156555176,0.147593155503273,0.6005722284317017,-0.3277259313816211,0.4105124130713173,0.1308480094730407,89.0
1652957161.556176,-0.0589242279529571,-0.2188157439231872,0.1324158906936645,-0.2959188818931579,-0.4073334634304046,-0.8640089631080627,1.1109085083007812,0.2571510672569275,0.6515834927558899,-0.3299734119527396,0.4195324008384098,0.1414152172329427,89.0
1652957161.566121,-0.0487354397773742,-0.2279683351516723,0.1239019930362701,-0.2961284816265106,-0.41441410779953,-0.8605630993843079,1.0175104141235352,0.3390706181526184,0.7095992565155029,-0.3314180996122378,0.4272989244612477,0.1522214789230741,89.0
1652957161.576095,-0.0430155992507934,-0.2575286626815796,0.1187494695186615,-0.2959888875484466,-0.420705646276474,-0.8575531244277954,0.9549875855445862,0.3953956961631775,0.7440256476402283,-0.3323522041732293,0.4342229971006044,0.1632743131019554,89.0
1652957161.586048,-0.0536227822303772,-0.2760927081108093,0.1123601794242858,-0.2955898642539978,-0.4264623820781708,-0.8548429608345032,0.9257851839065552,0.4484629333019256,0.7659410238265991,-0.3329128001575058,0.4405780467640829,0.1745020904939145,89.0
1652957161.596012,-0.0811169743537902,-0.2832241058349609,0.1113515496253967,-0.2947680354118347,-0.4320150017738342,-0.8523349761962891,0.9273979663848876,0.531783401966095,0.7874132990837097,-0.3329603628951173,0.446725837792213,0.1859100577190846,89.0
1652957161.606104,-0.0982148647308349,-0.294960081577301,0.1075385510921478,-0.2932493388652801,-0.4375861287117004,-0.8500136733055115,0.9353491067886353,0.6423120498657227,0.8090680837631226,-0.3322078984186072,0.4529123814743868,0.1976339148903665,89.0
1652957161.6159449,-0.0898473262786865,-0.2677077054977417,0.0660931468009948,-0.2910730540752411,-0.4430310130119324,-0.8479386568069458,0.9094416499137878,0.6935169100761414,0.8031947612762451,-0.3306679583389681,0.4589767841596475,0.2094466359453339,89.0
1652957161.625884,-0.0727706253528595,-0.2355978488922119,0.0252447426319122,-0.2887558341026306,-0.4483556747436523,-0.8459298014640808,0.90954327583313,0.7027637958526611,0.7960357069969177,-0.3289456814695508,0.4649249126824186,0.2211221867835586,89.0
1652957161.635874,-0.0783545076847076,-0.2532560229301452,0.019357293844223,-0.2862389385700226,-0.4538818299770355,-0.8438356518745422,0.94256591796875,0.7297586798667908,0.767096996307373,-0.3270317577545771,0.4711169280246211,0.2327126785077198,89.0
1652957161.645803,-0.0875972211360931,-0.2763614654541015,0.0234401226043701,-0.2835117876529693,-0.4598110020160675,-0.8415431976318359,0.986229658126831,0.7295006513595581,0.7381139397621155,-0.3249527289902866,0.4777823441017664,0.2441402358811545,89.0
1652957161.655767,-0.0977813601493835,-0.2923204898834228,0.0085117518901824,-0.2807586789131164,-0.4662754535675049,-0.8389050960540771,1.047964096069336,0.7246289253234863,0.7047370672225952,-0.3229555237762917,0.4850758440088452,0.2554521117781586,89.0
1652957161.66569,-0.1173348426818847,-0.3186407685279846,-0.007318764925003,-0.2778983116149902,-0.4734399318695068,-0.8358392119407654,1.1238553524017334,0.7291179299354553,0.6564406156539917,-0.3209807254359851,0.4931920548893083,0.2666273966662912,89.0
1652957161.675833,-0.1385729908943176,-0.3291213512420654,-0.0072866678237915,-0.2748028635978699,-0.4812540113925934,-0.8323929309844971,1.1695852279663086,0.7517548203468323,0.6209350824356079,-0.318870201264354,0.5020847058620194,0.2775914150752619,89.0
1652957161.685641,-0.1608825623989105,-0.3313478231430053,-0.0285874009132385,-0.271353155374527,-0.489097535610199,-0.8289457559585571,1.1280263662338257,0.8117831945419312,0.6169306635856628,-0.3163534840407379,0.5110547788266372,0.2884015445385567,89.0
1652957161.6956282,-0.174520343542099,-0.304425299167633,-0.0902726948261261,-0.267252117395401,-0.4962751865386963,-0.8260067701339722,1.0046818256378174,0.9188433289527892,0.6131876111030579,-0.3129172451614556,0.5193030334014606,0.2989167990053072,89.0
1652957161.705521,-0.180774301290512,-0.2867248058319092,-0.1224505305290222,-0.262234091758728,-0.5022137761116028,-0.824023425579071,0.8396154046058655,1.043857216835022,0.6170966625213623,-0.3081021723889769,0.526156907648318,0.3088987139383106,89.0
1652957161.715553,-0.1767181158065796,-0.2753355503082275,-0.1467571258544922,-0.2562652826309204,-0.5069141387939453,-0.8230225443840027,0.6960758566856384,1.1515772342681885,0.5971157550811768,-0.3018558977957014,0.5316011253366673,0.318256827767459,89.0
1652957161.725466,-0.1775108724832534,-0.2671103477478027,-0.1585276126861572,-0.249475821852684,-0.5108296871185303,-0.8226876258850098,0.6200600266456604,1.2191965579986572,0.5587936043739319,-0.294431101586214,0.5361496267596181,0.3268811116770915,89.0
1652957161.735485,-0.192625805735588,-0.2863502502441406,-0.1321169734001159,-0.2420665770769119,-0.514550507068634,-0.8225822448730469,0.6273267269134521,1.264945149421692,0.5184179544448853,-0.2861975923131349,0.5404833767466127,0.3349348434312069,89.0
1652957161.745547,-0.2249427437782287,-0.3118247389793396,-0.1066209077835083,-0.2339500486850738,-0.5187147855758667,-0.8223152756690979,0.6949284672737122,1.3583776950836182,0.4991795718669891,-0.2771781871564981,0.5453469765692289,0.3427113519281608,89.0
1652957161.7553391,-0.238565593957901,-0.3471036553382873,-0.1151428818702697,-0.2251032143831253,-0.5235747694969177,-0.8217043280601501,0.7608550190925598,1.4260358810424805,0.4900906980037689,-0.2673867319447826,0.5510413916664616,0.3505703347156735,89.0
1652957161.765314,-0.2417766600847244,-0.3444921374320984,-0.13666832447052,-0.215819165110588,-0.528889536857605,-0.8207910656929016,0.791745126247406,1.454460620880127,0.4617316424846649,-0.2571203347999884,0.5572915731186304,0.3583030722853989,89.0
1652957161.775251,-0.2509009540081024,-0.3412195444107055,-0.1513835787773132,-0.2062981277704239,-0.534376859664917,-0.8196843266487122,0.7892172336578369,1.4776791334152222,0.4626501500606537,-0.2465591801775123,0.5637703773615789,0.3658730738523701,89.0
1652957161.785223,-0.2748838663101196,-0.3495945930480957,-0.207065999507904,-0.1965821832418441,-0.539485514163971,-0.8187251091003418,0.6842634677886963,1.528386116027832,0.4751495718955993,-0.2356467954354213,0.5698259598398905,0.3733411998214631,89.0
1652957161.795218,-0.3126219809055328,-0.3266433477401733,-0.2623583078384399,-0.1862488687038421,-0.5434583425521851,-0.8185135126113892,0.5082775354385376,1.6508853435516355,0.4934284389019012,-0.2237357367350275,0.5745514763694002,0.3805350353425277,89.0
1652957161.805157,-0.3294946551322937,-0.2879321575164795,-0.3133764266967773,-0.1749914437532425,-0.5456781983375549,-0.8195201754570007,0.2509737908840179,1.7726240158081057,0.5012350082397461,-0.210369858867361,0.5771981820295796,0.3873033017669319,89.0
1652957161.815259,-0.3317834138870239,-0.2211058735847473,-0.3510169386863708,-0.1627844423055648,-0.5459098815917969,-0.8218780755996704,0.0230769738554954,1.8797638416290283,0.493838369846344,-0.1955333031299943,0.5774747209078824,0.3934260592552094,89.0
1652957161.825052,-0.331740140914917,-0.1678820848464965,-0.3847309350967407,-0.1494610458612442,-0.5445140600204468,-0.8253277540206909,-0.1764541119337082,2.015645742416382,0.4849072396755218,-0.1791513891713143,0.575809648083681,0.3989462343324494,89.0
1652957161.835384,-0.3275783360004425,-0.1172837615013122,-0.4029698967933655,-0.13502237200737,-0.5417627692222595,-0.8296156525611877,-0.3120742738246918,2.093613624572754,0.439209520816803,-0.1613383093309026,0.5725329001069495,0.4038729643817372,89.0
1652957161.844994,-0.3264347016811371,-0.0907146334648132,-0.4067890048027038,-0.1196559965610504,-0.5384471416473389,-0.834120512008667,-0.3501341640949249,2.139877319335937,0.3806456327438354,-0.1424796543795927,0.5685932384127752,0.4080883548147647,89.0
1652957161.910036,-0.3259244561195373,-0.1151397228240966,-0.3814181685447693,-0.1036104410886764,-0.5353603959083557,-0.8382446765899658,-0.2939068377017975,2.1535685062408447,0.3141816556453705,-0.1229802924436684,0.5649343835608706,0.4116809264605511,89.0
1652957161.91038,-0.3334040939807892,-0.1147336959838867,-0.3916784524917602,-0.0870213136076927,-0.5327142477035522,-0.8418092131614685,-0.2856824100017547,2.157294273376465,0.2177385985851287,-0.1030082678655876,0.5618045731918542,0.4144346948849763,89.0
1652957161.910543,-0.35249724984169,-0.0693907737731933,-0.4235929846763611,-0.0698355063796043,-0.5298829674720764,-0.8451905250549316,-0.3728649616241455,2.1475110054016118,0.1264294534921646,-0.0824396651071422,0.55846257912565,0.4160928638771909,89.0
1652957161.9106998,-0.3780170083045959,-0.0056930780410766,-0.4408040642738342,-0.052128255367279,-0.5261148810386658,-0.8488143682479858,-0.5056509971618652,2.155754804611206,0.0260797310620546,-0.0613359877863854,0.5540255591513505,0.416622935095046,89.0
1652957161.910857,-0.3888397812843323,0.0312306880950927,-0.4447774887084961,-0.0337065793573856,-0.5213327407836914,-0.8526875376701355,-0.6175734996795654,2.151930093765259,-0.0799604132771492,-0.0395092427197282,0.5484119581640995,0.4159722763022701,89.0
1652957161.91101,-0.3853470683097839,0.079142689704895,-0.4577436447143554,-0.0149214752018451,-0.5155229568481445,-0.8567458391189575,-0.7634515166282654,2.1089982986450195,-0.1669201999902725,-0.0174146940436205,0.5416178340266143,0.4142498803637305,89.0
1652957161.922443,-0.3848645985126495,0.1458656191825866,-0.4556337594985962,0.004142552614212,-0.5082792043685913,-0.8611823916435242,-0.9266716241836548,2.1113951206207275,-0.2260943055152893,0.0048102708133366,0.5331854385965099,0.4118801018946047,89.0
1652957161.924757,-0.382075548171997,0.2026779651641845,-0.4506296515464782,0.0236161053180694,-0.4996572136878967,-0.8659012317657471,-1.0683341026306152,2.1201322078704834,-0.2766980528831482,0.0272666808773876,0.5232030043325724,0.4091733814512567,89.0
1652957161.934967,-0.3686525821685791,0.2541642785072326,-0.4307680130004883,0.0432894341647625,-0.4898863136768341,-0.8707109093666077,-1.1546229124069214,2.087698459625244,-0.3283391296863556,0.0496764431756692,0.5119593308401682,0.406244180093333,89.0
1652957161.9480538,-0.3507293462753296,0.2778842449188232,-0.4077924787998199,0.0629943683743476,-0.479689210653305,-0.8751742243766785,-1.1337653398513794,2.054106473922729,-0.3788067996501922,0.0718553045876817,0.5003004895120003,0.4030333006798461,89.0
1652957161.955035,-0.3376514017581939,0.2999784350395202,-0.3812792003154754,0.0826922953128814,-0.469932347536087,-0.878820538520813,-1.0282319784164429,2.0248522758483887,-0.4297544062137604,0.0938183989497546,0.4892141316862088,0.399503858235778,89.0
1652957161.964487,-0.3241313397884369,0.3347700238227844,-0.3461288213729858,0.1024516522884368,-0.4611832201480865,-0.8813703656196594,-0.8635087013244629,1.9997466802597048,-0.4836822152137756,0.1157219708299943,0.4793282299437534,0.3954972770474838,89.0
1652957161.974451,-0.3105472326278686,0.3417686820030212,-0.3163188695907593,0.12222321331501,-0.4538378715515136,-0.8826622366905212,-0.6776309609413147,1.969954252243042,-0.543519139289856,0.1375961175857192,0.471067618031123,0.3908910696595923,89.0
1652957161.984144,-0.303614854812622,0.3544375300407409,-0.3175035119056701,0.141932725906372,-0.4478468000888824,-0.8827731013298035,-0.5198004245758057,1.9264189004898071,-0.6145190596580505,0.1594162130692482,0.4643556857744534,0.3855048372858245,89.0
1652957161.9944549,-0.2974302768707275,0.3954519033432007,-0.3174472451210022,0.1615660339593887,-0.4428219199180603,-0.8819326162338257,-0.4055454730987549,1.8804010152816768,-0.6858901977539062,0.1811863642967549,0.4587435637603328,0.3792634933888564,89.0
1652957162.004161,-0.2960985898971557,0.4095199108123779,-0.2974432408809662,0.1809252351522445,-0.4384423792362213,-0.8803603053092957,-0.3035865128040313,1.8141934871673584,-0.7519256472587585,0.202690569623293,0.4538648760335849,0.3721438426744434,89.0
1652957162.0139608,-0.3026500046253204,0.4093003869056701,-0.2786031663417816,0.1999583542346954,-0.4346688985824585,-0.8781113624572754,-0.2369736433029174,1.7734657526016235,-0.7879744172096252,0.2238962769909094,0.4496705984445036,0.3644166657394231,89.0
1652957162.024159,-0.3052297234535217,0.4090340137481689,-0.2592335045337677,0.2186971455812454,-0.4309367835521698,-0.8754799365997314,-0.2486156523227691,1.72352397441864,-0.8074197173118591,0.2447928612318579,0.4455306489416972,0.3564557434590414,89.0
1652957162.033955,-0.2944237887859344,0.42315673828125,-0.232702374458313,0.2368218451738357,-0.4267367124557495,-0.8728179931640625,-0.2922808527946472,1.6436214447021484,-0.8187647461891174,0.2649512102033564,0.440881373885388,0.3485555013360691,89.0
1652957162.044225,-0.2814037799835205,0.4467213749885559,-0.2141866385936737,0.254349946975708,-0.4218149483203888,-0.8702748417854309,-0.3790927529335022,1.5924819707870483,-0.830978512763977,0.2843444618087635,0.435446143859577,0.3408024579055032,89.0
1652957162.054374,-0.2741312086582184,0.4909959435462951,-0.1888323724269867,0.2715219557285309,-0.4157971441745758,-0.8679795861244202,-0.5061327219009399,1.5641981363296509,-0.8390122056007385,0.3031769947699923,0.4288191360495403,0.3334118558083897,89.0
1652957162.063854,-0.2601156532764435,0.5353139638900757,-0.1772839725017547,0.288268119096756,-0.4084551632404327,-0.8660634756088257,-0.662516176700592,1.5204510688781738,-0.8164316415786743,0.3213143448016959,0.4207609709079254,0.3267296778889955,89.0
1652957162.07399,-0.2382413148880005,0.5718650817871094,-0.1797999739646911,0.3043729364871979,-0.3996372818946838,-0.8646659255027771,-0.8286499977111816,1.465112805366516,-0.7956057190895081,0.3384662622595115,0.4111211075591088,0.3210793166036929,89.0
1652957162.083814,-0.2116777300834655,0.595569372177124,-0.1745652556419372,0.3197252154350281,-0.3895521759986877,-0.863727331161499,-0.9285807609558104,1.383386254310608,-0.7825659513473511,0.354528712171447,0.4001453203524717,0.316302438302992,89.0
1652957162.093933,-0.1831905245780944,0.5787819623947144,-0.1506856083869934,0.334145724773407,-0.3790385127067566,-0.8629463911056519,-0.9053649306297302,1.2707643508911133,-0.7923868894577026,0.3694364199579961,0.3887570570191834,0.3119281628619753,89.0
1652957162.103672,-0.1596471667289734,0.5297179818153381,-0.1183370649814605,0.347574383020401,-0.3691049516201019,-0.8619475364685059,-0.750058114528656,1.154449224472046,-0.8339322209358215,0.3832989927020488,0.3780457686719191,0.3071354659283625,89.0
1652957162.113704,-0.1408903002738952,0.4616000056266784,-0.0833416581153869,0.3600828349590301,-0.3605823218822479,-0.860418975353241,-0.516634464263916,1.0217329263687134,-0.9007839560508728,0.3963497498481027,0.3688921248365741,0.3011776086813508,89.0
1652957162.1239672,-0.1319459080696106,0.3882927894592285,-0.0752540826797485,0.3715547025203705,-0.3537620604038238,-0.858370304107666,-0.2845917642116546,0.8787029981613159,-0.9893887042999268,0.4085097781547496,0.3615902003150952,0.2935551605342058,89.0
1652957162.133908,-0.1319889426231384,0.3960680365562439,-0.0842188000679016,0.3823246359825134,-0.3479864299297333,-0.8559984564781189,-0.1746785789728164,0.8119412660598755,-1.0804344415664673,0.4200576795646942,0.355422426840895,0.2844571932515843,89.0
1652957162.143781,-0.1312645971775055,0.4138257503509521,-0.1146745383739471,0.392937570810318,-0.3422346413135528,-0.8535077571868896,-0.1678026914596557,0.7682839035987854,-1.1744638681411743,0.4314520034195198,0.3492941286401521,0.274301290271762,89.0
1652957162.153713,-0.1195126175880432,0.4125096797943115,-0.1580906510353088,0.4032345414161682,-0.3356379866600036,-0.8513219356536865,-0.2691114842891693,0.6947399377822876,-1.25033700466156,0.4423519604536773,0.342282429864202,0.2636188310624764,89.0
1652957162.163681,-0.1195186674594879,0.4239502549171448,-0.1776323914527893,0.413051962852478,-0.3275555670261383,-0.849761962890625,-0.4152575433254242,0.6363161206245422,-1.3144937753677368,0.4524494132960981,0.3337152645645442,0.2529711983890474,89.0
1652957162.1738548,-0.1279467344284057,0.4410238265991211,-0.1691956520080566,0.4227160215377807,-0.3178954124450683,-0.8486775755882263,-0.5454014539718628,0.6316571831703186,-1.3556824922561646,0.4621167447074,0.3235089174835514,0.2425938921785426,89.0
1652957162.1835809,-0.1297312378883361,0.4362854361534118,-0.1594968736171722,0.4322519600391388,-0.307025283575058,-0.8478759527206421,-0.6405237913131714,0.613079845905304,-1.385700821876526,0.4714613251479239,0.312065782016289,0.2325624262785706,89.0
1652957162.19377,-0.1212114691734314,0.4405584931373596,-0.1163744330406189,0.4414934515953064,-0.295292466878891,-0.8472815155982971,-0.6861030459403992,0.5806031227111816,-1.41364848613739,0.4803616287896345,0.2997616189589835,0.2227510368743629,89.0
1652957162.203518,-0.1150711178779602,0.4142030477523803,-0.0644961893558502,0.4503066837787628,-0.2832363247871399,-0.8467591404914856,-0.6743848919868469,0.5371959209442139,-1.4240014553070068,0.4887629560812154,0.2871669468628821,0.2129827858413662,89.0
1652957162.213464,-0.1165183186531066,0.375773012638092,-0.048598825931549,0.4585288465023041,-0.2711338400840759,-0.8463082909584045,-0.6833570599555969,0.4925994575023651,-1.4204533100128174,0.4965249170166536,0.2745708003441557,0.2033109340382014,89.0
1652957162.22377,-0.1155307590961456,0.3713119029998779,-0.034510463476181,0.4663608372211456,-0.2587482035160064,-0.8459059596061707,-0.6996465921401978,0.4716494679450989,-1.4386553764343262,0.5038524070976943,0.2617260575448192,0.1938076929361895,89.0
1652957162.233616,-0.0973224639892578,0.3833804726600647,-0.0296874493360519,0.4737872779369354,-0.2459930777549743,-0.8455844521522522,-0.7206214070320129,0.4208680391311645,-1.459222674369812,0.5107223679693648,0.2485441217733914,0.1843199617524998,89.0
1652957162.2433372,-0.0700558125972747,0.4035362005233764,-0.037039577960968,0.4804562032222748,-0.2329799681901931,-0.8455070853233337,-0.7181337475776672,0.3243522047996521,-1.4813333749771118,0.5167438411400971,0.2351408604868592,0.1748017902912008,89.0
1652957162.253293,-0.051690399646759,0.4237520098686218,-0.0317641496658325,0.4860318601131439,-0.2197159528732299,-0.8458711504936218,-0.7213113903999329,0.1981056183576584,-1.505187749862671,0.5215285488628374,0.221523304940023,0.1652015392945193,89.0
1652957162.2634249,-0.0515750050544738,0.4171972274780273,-0.0142763704061508,0.4904177784919739,-0.2063657194375991,-0.8467015624046326,-0.7006153464317322,0.0861227810382843,-1.512373924255371,0.5249922309257221,0.2078592694147047,0.1555018575448718,89.0
1652957162.273182,-0.0701074004173278,0.4014906287193298,-0.0033282041549682,0.4937829375267029,-0.1931134462356567,-0.8478712439537048,-0.6828781962394714,0.0084335748106241,-1.5128298997879028,0.5273625872847233,0.1943343356039114,0.1457313241572221,89.0
1652957162.283241,-0.0874622464179992,0.4086270332336426,0.0044925361871719,0.4964588284492492,-0.1799228489398956,-0.8492093086242676,-0.6736621260643005,-0.03132289275527,-1.508637309074402,0.5290287363398619,0.1809080226934463,0.1359837106870632,89.0
1652957162.2932348,-0.0886260569095611,0.4209048748016357,0.0165935009717941,0.4985381662845611,-0.1668010205030441,-0.8506686687469482,-0.6629722118377686,-0.0921321809291839,-1.5146384239196775,0.5301023351382806,0.1675843475144164,0.1262034561295345,89.0
1652957162.3030748,-0.0815998911857605,0.4308544993400574,0.0307835787534713,0.4998432993888855,-0.1536473482847213,-0.8523785471916199,-0.6677156686782837,-0.1680635809898376,-1.522592306137085,0.5303669284449531,0.1542584079273181,0.1163907317242439,89.0
1652957162.313066,-0.0818556547164917,0.437318742275238,0.0504545271396636,0.5003126859664917,-0.1402982920408249,-0.854402482509613,-0.6816136240959167,-0.2413409948348999,-1.546276569366455,0.5297418550216327,0.1407626744341272,0.1064958803099626,89.0
1652957162.32294,-0.0881693363189697,0.4473782777786255,0.075157031416893,0.5000345706939697,-0.1267469972372055,-0.8566800355911255,-0.6956661343574524,-0.3030360639095306,-1.54855477809906,0.5283396752007181,0.1270888384347037,0.0965445410901726,89.0
1652957162.33324,-0.08919557929039,0.4325445294380188,0.0956066101789474,0.49898561835289,-0.1133525744080543,-0.8591650128364563,-0.674926221370697,-0.3586492538452148,-1.5364195108413696,0.526167053996764,0.113596731111714,0.0866126087722544,89.0
1652957162.3429909,-0.0918835699558258,0.4121308922767639,0.1101780608296394,0.4972485601902008,-0.10029037296772,-0.8617921471595764,-0.6633378267288208,-0.4095546901226043,-1.5125610828399658,0.5233312488725459,0.1004592633276279,0.0767393632500808,89.0
1652957162.3528528,-0.0927100181579589,0.3967922329902649,0.1231308877468109,0.4948859512805938,-0.0874100625514984,-0.8645504117012024,-0.6274322867393494,-0.4639430940151214,-1.5000112056732178,0.5198931889254815,0.0875217577856037,0.0668966531375097,89.0
1652957162.362787,-0.0891343057155609,0.4026547074317932,0.1379543393850326,0.491767942905426,-0.0749050080776214,-0.8674983978271484,-0.5703458786010742,-0.5374884605407715,-1.494280219078064,0.5157108711543731,0.0749752322419871,0.056902856627635,89.0
1652957162.372738,-0.0786723494529724,0.4186835289001465,0.1696492731571197,0.4877910017967224,-0.0630666464567184,-0.8706793785095215,-0.4841010272502899,-0.6225277185440063,-1.5080018043518066,0.5106724018416211,0.0631085297403803,0.046430929082534,89.0
1652957162.382844,-0.0735190510749816,0.4255543947219848,0.2061561048030853,0.4827292859554291,-0.0520118325948715,-0.8742237687110901,-0.3805101215839386,-0.7407938241958618,-1.5108572244644165,0.5045157111776775,0.0520353133990802,0.0354003703549332,89.0
1652957162.392729,-0.0787066221237182,0.4135698676109314,0.240280419588089,0.4765337407588959,-0.0419619418680667,-0.8781541585922241,-0.2712155878543854,-0.8401182889938354,-1.5072789192199707,0.4971856835520067,0.0419742656393608,0.0237582422490954,89.0
1652957162.402828,-0.0861047208309173,0.3863105773925781,0.2574004232883453,0.4693902432918548,-0.0330046638846397,-0.8823737502098083,-0.1729440689086914,-0.9184190034866332,-1.465870380401611,0.4888898980056612,0.033010657010841,0.0117498898589703,89.0
1652957162.41272,-0.0817882716655731,0.3476077318191528,0.2530671656131744,0.4613964259624481,-0.0251313801854848,-0.8868380784988403,-0.1080750524997711,-0.9927973747253418,-1.407640814781189,0.4797328604785437,0.0251340257234258,-0.0002931366727102,89.0
1652957162.42257,-0.0643897950649261,0.3220310807228088,0.2460456639528274,0.4525886476039886,-0.0181403905153274,-0.8915348649024963,-0.0660204738378524,-1.0666197538375854,-1.3379383087158203,0.4697497244565458,0.0181413861991932,-0.0120598594416203,89.0
1652957162.432643,-0.0427827537059783,0.3199266195297241,0.2619194686412811,0.4428987503051758,-0.0117058437317609,-0.8964952230453491,-0.0734522938728332,-1.151009202003479,-1.2803735733032229,0.4588630927157603,0.0117061109310663,-0.0234103087272402,89.0
1652957162.442657,-0.0199610590934753,0.3399860262870788,0.3044298589229584,0.4323756098747253,-0.005418624728918,-0.9016773104667664,-0.1116999462246894,-1.223358392715454,-1.2182620763778689,0.4471327813076733,0.0054186510983541,-0.0341825799915573,89.0
1652957162.4524689,0.0014058649539947,0.3398770093917846,0.3479197919368744,0.4208658635616302,0.000835086859297,-0.9071224927902222,-0.1433601379394531,-1.3502968549728394,-1.1642932891845703,0.4343998003536289,-0.0008350869832922,-0.0443531120331383,89.0
1652957162.462528,0.0129384994506835,0.3225800991058349,0.3814803063869476,0.4079294502735138,0.0067643150687217,-0.9129884243011476,-0.1425303518772125,-1.4842020273208618,-1.076924204826355,0.4201953031422697,-0.0067643668494359,-0.0539664961473479,89.0
1652957162.472554,-0.0039247870445251,0.277249813079834,0.4096430838108063,0.3940309584140777,0.011972514912486,-0.9190191626548768,-0.089810699224472,-1.5316163301467896,-0.969171941280365,0.4050440142000327,-0.0119728008644693,-0.062821521963775,89.0
1652957162.4824018,-0.0264928936958313,0.2169646620750427,0.4110876619815826,0.3799627423286438,0.0158685147762298,-0.9248656630516052,0.0117365689948201,-1.499632477760315,-0.8517284393310547,0.3898077386614926,-0.015869180775405,-0.0710050156508309,89.0
1652957162.49252,-0.0110688209533691,0.1585409641265869,0.4032258689403534,0.3658814430236816,0.0182218886911869,-0.930483102798462,0.1131308376789093,-1.5315799713134766,-0.7668812274932861,0.3746450130636428,-0.0182228967075322,-0.0787302291702336,89.0
1652957162.502255,0.0117884874343872,0.1360788941383361,0.4114052653312683,0.3510350286960602,0.0195487234741449,-0.9361582398414612,0.1516431421041488,-1.6281942129135132,-0.7059401273727417,0.3587478940311284,-0.0195499691179323,-0.0860504481636529,89.0
1652957162.512331,-0.0036933124065399,0.1328843832015991,0.4325991570949554,0.3356482982635498,0.0203274749219417,-0.9417680501937866,0.1772539615631103,-1.6188033819198608,-0.6481300592422485,0.3423669931835871,-0.0203288751376288,-0.0929209165357382,89.0
1652957162.522057,-0.0227652788162231,0.1329708695411682,0.4496212601661682,0.3205863535404205,0.0205325540155172,-0.9469967484474182,0.2196339070796966,-1.5529686212539673,-0.6271942853927612,0.3264198092155932,-0.0205339973619464,-0.0995784971100344,89.0
1652957162.532228,-0.0155649483203887,0.1584263443946838,0.4904361665248871,0.3059244751930237,0.0203823260962963,-0.9518375992774964,0.2061300873756408,-1.5328500270843506,-0.5739997625350952,0.3109760608632451,-0.0203837378273939,-0.1059753150498644,89.0
1652957162.542601,-0.0133394598960876,0.1940158605575561,0.5599615573883057,0.2912172973155975,0.01981140114367,-0.9564517736434937,0.2569929957389831,-1.533564567565918,-0.4853648245334625,0.2955588007531318,-0.0198126976149467,-0.111692415627552,89.0
1652957162.552082,-0.0161089301109313,0.1761546730995178,0.6457295417785645,0.2766527831554413,0.017676830291748,-0.9608073830604552,0.4492463171482086,-1.5022624731063845,-0.3387404978275299,0.2803541661928186,-0.0176777507386161,-0.1166474270553421,89.0
1652957162.5624871,-0.0044874846935272,0.0450025796890258,0.6730273365974426,0.2622084319591522,0.0129467854276299,-0.9649243950843812,0.672802746295929,-1.511117935180664,-0.1457389742136001,0.2653327595148537,-0.0129471469032574,-0.1204727019847759,89.0
1652957162.57274,0.0048605650663375,-0.0959208607673645,0.6128417253494263,0.2474435269832611,0.0060853059403598,-0.968883216381073,0.7531161904335022,-1.5595293045043943,0.0366276353597641,0.2500455668961984,-0.0060853437055741,-0.1228481563414807,89.0
1652957162.5822182,-0.0072858333587646,-0.1365906596183776,0.5548896789550781,0.2320935726165771,-0.0011634631082415,-0.9726927876472472,0.668696403503418,-1.597813844680786,0.2046810835599899,0.2342296362819794,0.0011634633632558,-0.1233953910665691,89.0
1652957162.591916,-0.0336798727512359,-0.0877441763877868,0.549697995185852,0.2167242914438247,-0.0073243239894509,-0.976205348968506,0.4707739651203155,-1.561320185661316,0.3373163640499115,0.2184637104624455,0.0073243896320039,-0.1220425397195195,89.0
1652957162.602118,-0.0458634346723556,-0.0467435121536254,0.5491207242012024,0.2017777413129806,-0.0114620188251137,-0.979364275932312,0.2040534764528274,-1.5077576637268066,0.4474462568759918,0.2031861917271549,0.0114622701264949,-0.1189319190922623,89.0
1652957162.611911,-0.0385781824588775,-0.0050547122955322,0.5085436105728149,0.187122493982315,-0.0130449412390589,-0.9822499752044678,-0.0740934461355209,-1.4874590635299685,0.5629941821098328,0.188248293479401,0.0130453112513049,-0.1141300180276238,89.0
1652957162.6217031,-0.0382836163043975,0.0244016051292419,0.4857232272624969,0.1726067513227462,-0.0124718714505434,-0.984911859035492,-0.2565198540687561,-1.4574981927871704,0.7009170651435852,0.1734891624457283,0.0124721952487367,-0.1076510760195963,89.0
1652957162.6317549,-0.054327443242073,0.0079838633537292,0.5122280716896057,0.1586060225963592,-0.0112667828798294,-0.9872776865959167,-0.2247677743434906,-1.3690876960754397,0.8513494729995728,0.1592888341812164,0.0112670216686793,-0.0996391685486898,89.0
1652957162.641671,-0.0505024492740631,-0.0484984517097473,0.5363778471946716,0.1454731523990631,-0.0113076409325003,-0.9892975687980652,-0.038680262863636,-1.285168170928955,0.9830359816551208,0.1460006016661965,0.011307881502545,-0.0903680077557021,89.0
1652957162.651777,-0.0221468657255172,-0.0814747214317321,0.5287545323371887,0.1328036040067672,-0.0135109778493642,-0.9910503029823304,0.1894389241933822,-1.2625036239624023,1.0736489295959473,0.1332093424002236,0.013511389069094,-0.0803339088652816,89.0
1652957162.661549,-0.0155924931168556,-0.0980657935142517,0.5015159845352173,0.1201457232236862,-0.0175072029232978,-0.9926018714904784,0.325648695230484,-1.2634754180908203,1.1438329219818115,0.1204552153040689,0.0175080982478131,-0.0696722010500126,89.0
1652957162.671515,-0.0574980899691581,-0.0918564200401306,0.4429654479026794,0.1074858903884887,-0.0221890751272439,-0.9939589500427246,0.3327292501926422,-1.2389309406280518,1.1936249732971191,0.1077205628993589,0.0221908954711968,-0.0584709558310414,89.0
1652957162.681604,-0.1140017434954643,-0.0253494381904602,0.3997794091701507,0.0952334329485893,-0.0261069368571043,-0.9951125383377076,0.2061370015144348,-1.16797935962677,1.2452226877212524,0.0954105963113551,0.0261099032202441,-0.0466690329106694,89.0
1652957162.69147,-0.1344677060842514,0.0222985744476318,0.356454849243164,0.083594910800457,-0.028253560885787,-0.9960992336273192,-0.0051885526627302,-1.11739981174469,1.2890665531158447,0.0837260803608932,0.0282573208757948,-0.0341906741355266,89.0
1652957162.701429,-0.1228385418653488,0.0523731112480163,0.3169952929019928,0.0720572993159294,-0.0282990168780088,-0.996998965740204,-0.1742197126150131,-1.141128420829773,1.3518147468566897,0.0721487511644119,0.0283027962426957,-0.0210297609727818,89.0
1652957162.7113662,-0.0993601083755493,0.0439131259918212,0.3295319676399231,0.0601297654211521,-0.027331655845046,-0.9978163242340088,-0.182946890592575,-1.1894354820251465,1.419838547706604,0.0601885723051193,0.027335060060366,-0.0071307116100506,89.0
1652957162.721297,-0.0773286372423172,-0.0127006769180297,0.3457467555999756,0.0475129671394825,-0.026670217514038,-0.9985145330429076,-0.0999568030238151,-1.2778624296188354,1.502695083618164,0.0475477893885315,0.0266733797069205,0.0074856315576063,89.0
1652957162.731339,-0.0794891566038131,-0.0488759875297546,0.3052491545677185,0.0340637527406215,-0.0271119475364685,-0.999051868915558,0.0689395368099212,-1.3339557647705078,1.5648725032806396,0.0340828772108528,0.0271152707074868,0.0227829813373857,89.0
1652957162.741221,-0.102307416498661,-0.0356366038322448,0.2782596945762634,0.0201693624258041,-0.0287784878164529,-0.9993823170661926,0.1715688407421112,-1.3764549493789673,1.6023653745651243,0.0201790893620409,0.02878246131383,0.0385284398606263,89.0
1652957162.751378,-0.1469538956880569,-0.016483187675476,0.2283281683921814,0.005825366359204,-0.0308184139430522,-0.999508023262024,0.1847600191831588,-1.399261713027954,1.623769998550415,0.0058281675560524,0.0308232945730921,0.0545679135809286,89.0
1652957162.76114,-0.2104370445013046,0.018675148487091,0.1499191373586654,-0.0082976929843425,-0.0321365483105182,-0.9994490146636964,0.0834817960858345,-1.3214319944381714,1.655303120613098,-0.008302076888407,0.0321420809328086,0.0708841363247805,89.0
1652957162.7711248,-0.2405237555503845,0.0407826900482177,0.0779375657439231,-0.0213933531194925,-0.0318560227751731,-0.9992634654045104,-0.0966810509562492,-1.2099651098251345,1.6826415061950684,-0.0214058503771692,0.0318614122459589,0.0875125686376842,89.0
1652957162.781112,-0.2273450940847396,0.0700308084487915,0.0291844923049211,-0.0336259640753269,-0.0294286347925663,-0.999001145362854,-0.2917773723602295,-1.155907154083252,1.6643205881118774,-0.0336468818044648,0.029432884416614,0.1041443142722556,89.0
1652957162.791033,-0.1959016770124435,0.1041933894157409,0.0281541757285594,-0.0454618409276008,-0.0251939725130796,-0.9986483454704284,-0.3979568183422088,-1.1333494186401367,1.6474100351333618,-0.0454919666963791,0.0251966381234515,0.1205009057252478,89.0
1652957162.801039,-0.150587648153305,0.0832012891769409,0.0485831499099731,-0.0571760088205337,-0.0207358598709106,-0.9981487393379213,-0.315192699432373,-1.162309169769287,1.6071075201034546,-0.0572195246904367,0.020737345654585,0.1365148856798661,89.0
1652957162.810966,-0.1117185801267623,0.0864418148994445,0.0699221640825271,-0.069586344063282,-0.0175234861671924,-0.9974220395088196,-0.1120078787207603,-1.2787165641784668,1.5597025156021118,-0.0696533366354265,0.0175243832935639,0.1521019688955594,89.0
1652957162.82088,-0.1110884994268417,0.0947481989860534,0.1036260053515434,-0.0832169130444526,-0.0167882442474365,-0.9963900446891784,0.210453450679779,-1.418137788772583,1.5217888355255127,-0.0833250321166628,0.0167890320530805,0.1674404257592674,89.0
1652957162.830925,-0.1655605435371399,0.0903925895690918,0.0995227098464965,-0.0981113091111183,-0.018971562385559,-0.994994580745697,0.4935493469238281,-1.5172460079193115,1.5327516794204712,-0.0982871444500811,0.0189727014201131,0.1828850430425847,89.0
1652957162.840831,-0.2435034960508346,0.0528016090393066,0.0373733565211296,-0.1133538037538528,-0.0228317342698574,-0.9932923316955566,0.5912892818450928,-1.4696539640426636,1.6071600914001465,-0.1136277140687223,0.0228337178058944,0.1990151271500425,89.0
1652957162.850823,-0.2980208694934845,0.0192513465881347,-0.1084312349557876,-0.1277603656053543,-0.0259681809693574,-0.9914650321006776,0.4098281264305115,-1.3646823167800903,1.6442941427230835,-0.1281539625368284,0.0259711009850251,0.2157312276925573,89.0
1652957162.860739,-0.2941527366638183,0.0472934246063232,-0.2428178638219833,-0.1411805003881454,-0.02587416395545,-0.9896457195281982,0.0032730433158576,-1.27564537525177,1.649312973022461,-0.1417015178352725,0.0258770519160707,0.232289717543161,89.0
1652957162.8707,-0.2446467131376266,0.1048091650009155,-0.3266291618347168,-0.1539738625288009,-0.0210576169192791,-0.9878504872322084,-0.4916592240333557,-1.2571744918823242,1.600918889045715,-0.1546234136617967,0.0210591740021789,0.2479920081315813,89.0
1652957162.88069,-0.1875583380460739,0.1710350513458252,-0.3496772646903991,-0.1666439324617386,-0.0118492245674133,-0.9859459400177002,-0.8470517992973328,-1.2802051305770874,1.499423265457153,-0.167436885243329,0.0118495016946263,0.2621804784446089,89.0
1652957162.8907042,-0.136726513504982,0.1812791228294372,-0.293578177690506,-0.179771289229393,-0.0004586898721754,-0.9837083220481871,-0.9438931345939636,-1.3952672481536863,1.3549814224243164,-0.1807539668989199,0.0004586898914734,0.2746361554744329,89.0
1652957162.900566,-0.1222347617149353,0.1584693193435669,-0.2184447199106216,-0.1941256821155548,0.0107268122956156,-0.980917990207672,-0.8232944011688232,-1.5448002815246582,1.2134239673614502,-0.1953774844539806,-0.0107270184805752,0.2855073677140525,89.0
1652957162.910956,-0.1686526089906692,0.1191036105155944,-0.1569453775882721,-0.2093075811862945,0.0195399820804595,-0.9776546359062196,-0.48267662525177,-1.594418168067932,1.103159785270691,-0.2109076765521093,-0.0195412249279127,0.2954523303395439,89.0
1652957162.920681,-0.2162847220897674,0.0896109342575073,-0.1187632903456687,-0.2246332317590713,0.0246165581047534,-0.9741324186325072,-0.1023939326405525,-1.6078344583511353,1.0330264568328855,-0.2266365176943744,-0.0246190457573252,0.3052035467963668,89.0
1652957162.930523,-0.237557828426361,0.0850891470909118,-0.1347537338733673,-0.2399354577064514,0.0267825406044721,-0.9704193472862244,0.1231499835848808,-1.6069015264511108,1.0226588249206543,-0.2423880623183839,-0.0267857439433249,0.3151917409421675,89.0
1652957162.940422,-0.2470865249633789,0.0651062130928039,-0.245685875415802,-0.2549428641796112,0.0280344933271408,-0.9665496349334716,0.0961587056517601,-1.567361831665039,1.0112192630767822,-0.2578922976897121,-0.0280381664345578,0.3253418085433933,89.0
1652957162.950423,-0.2393933534622192,0.0889805555343627,-0.3707917928695678,-0.2695177793502807,0.0308717470616102,-0.9625004529953004,-0.1673448234796524,-1.5298120975494385,0.972843587398529,-0.2730257010367041,-0.0308766537078028,0.3348263375492224,89.0
1652957162.9603271,-0.2104643285274505,0.1626223921775818,-0.4159409701824188,-0.2836610376834869,0.0368668772280216,-0.9582156538963318,-0.531087338924408,-1.5024008750915527,0.921543836593628,-0.2878110627223335,-0.0368752335879671,0.3429499109959044,89.0
1652957162.970304,-0.1649582982063293,0.2149619460105896,-0.4016194343566894,-0.2977797389030456,0.0458455011248588,-0.9535331130027772,-0.7949642539024353,-1.5523277521133425,0.8449499607086182,-0.3026943874855691,-0.0458615763539707,0.3494433364374482,89.0
1652957162.980269,-0.1240078806877136,0.2081756591796875,-0.3487457036972046,-0.312668114900589,0.0559753142297267,-0.948211669921875,-0.7919294834136963,-1.6788289546966553,0.7553463578224182,-0.3185176434948929,-0.0560045870736886,0.3545760145327682,89.0
1652957162.990406,-0.1103914380073547,0.1449999213218689,-0.2891647219657898,-0.3286191523075104,0.0647384598851203,-0.9422411322593688,-0.5531848073005676,-1.802348256111145,0.6787629127502441,-0.3355726789561534,-0.0647837683403963,0.3591675240369378,89.0
1652957163.000221,-0.1375365257263183,0.0477718114852905,-0.2563987970352173,-0.3456482887268066,0.0701042488217353,-0.9357417821884156,-0.1354365050792694,-1.9330226182937624,0.5681052803993225,-0.3538382292239194,-0.0701618010125547,0.3638539269221479,89.0
1652957163.010131,-0.1884308755397796,0.0165526866912841,-0.2325568795204162,-0.3634489774703979,0.07157664000988,-0.928860366344452,0.2109912186861038,-1.9673182964324951,0.4899393320083618,-0.3729707973147912,-0.0716378951789431,0.3689289992416494,89.0
1652957163.020074,-0.2352235317230224,0.0116956233978271,-0.2456137090921402,-0.381094217300415,0.0700002983212471,-0.921882390975952,0.472805768251419,-1.919803261756897,0.410343199968338,-0.3919933819767309,-0.0700575938144742,0.3744098947594038,89.0
1652957163.030211,-0.2478773295879364,0.005478024482727,-0.3476646542549133,-0.3980577290058136,0.0671165436506271,-0.914901852607727,0.4640322625637054,-1.8515833616256716,0.3857816457748413,-0.4103794764319713,-0.0671670359682751,0.3799785668764863,89.0
1652957163.0400538,-0.2262762188911438,0.013533592224121,-0.4869632720947265,-0.4144098460674286,0.0655155330896377,-0.907729148864746,0.1720901578664779,-1.804835557937622,0.310178130865097,-0.4282748525448741,-0.0655624937398134,0.3845518140064241,89.0
1652957163.050025,-0.1939051747322082,0.0585827231407165,-0.5730575919151306,-0.4304539263248443,0.0670303925871849,-0.900120198726654,-0.2658736109733581,-1.80917227268219,0.223735362291336,-0.4460708944818479,-0.0670806931547897,0.386828700539616,89.0
1652957163.060112,-0.1709713637828827,0.0794588327407836,-0.5794296264648438,-0.4466738998889923,0.0718612447381019,-0.8918062448501587,-0.6348026990890503,-1.8500934839248655,0.1021018326282501,-0.4643388033384249,-0.0719232416736661,0.3863080143502107,89.0
1652957163.069892,-0.1649889051914215,0.0570728778839111,-0.5297337174415588,-0.463139146566391,0.0785008072853088,-0.8828021883964539,-0.7972241044044495,-1.88474440574646,-0.0228771213442087,-0.4831521333731324,-0.0785816592434879,0.3833216657877906,89.0
1652957163.0798512,-0.1656213402748108,-0.0293450355529785,-0.475321888923645,-0.4799780249595642,0.0850173160433769,-0.8731513023376465,-0.7670228481292725,-1.949839949607849,-0.1410409063100814,-0.5026187973297938,-0.0851200652430372,0.3788372780373956,89.0
1652957163.089846,-0.1814574599266052,-0.1123888492584228,-0.4432497322559356,-0.4972992539405823,0.0902071297168731,-0.8628766536712646,-0.6459166407585144,-2.009474515914917,-0.2680963277816772,-0.5228310893068755,-0.090329919047283,0.3735510888878481,89.0
1652957163.099796,-0.2101433873176574,-0.1682691574096679,-0.4265810251235962,-0.5148932337760925,0.0934358686208725,-0.852147102355957,-0.5002508163452148,-2.0341637134552,-0.3841349482536316,-0.5435243073413776,-0.093572361513327,0.3678509379242816,89.0
1652957163.1097531,-0.2361509799957275,-0.1923833489418029,-0.4288815855979919,-0.53238844871521,0.0949735194444656,-0.841155469417572,-0.4135063290596008,-2.0143356323242188,-0.4851883351802826,-0.5642780154637528,-0.0951168773999447,0.3617672776961441,89.0
1652957163.11966,-0.2497093677520752,-0.2091425657272339,-0.4754940867424011,-0.5496070384979248,0.0953365936875343,-0.8299657106399536,-0.3726362884044647,-2.002927303314209,-0.577668309211731,-0.5849070512818562,-0.0954816063410934,0.3551637533999024,89.0
1652957163.129668,-0.2639048099517822,-0.2107785940170288,-0.5258698463439941,-0.5666615962982178,0.0948548018932342,-0.8184725046157837,-0.3792483806610107,-1.9990581274032595,-0.6934964060783386,-0.605566779295168,-0.0949976262647987,0.3478068949340941,89.0
1652957163.139977,-0.2839654684066772,-0.207557201385498,-0.5093244314193726,-0.5835119485855103,0.0935834273695945,-0.8066944479942322,-0.3473905622959137,-1.978903889656067,-0.7994890213012695,-0.6262172823435602,-0.0937205702742786,0.339570588199516,89.0
1652957163.152072,-0.308147668838501,-0.2441921234130859,-0.4667229056358337,-0.5998876094818115,0.0907920971512794,-0.7949160933494568,-0.2063815146684646,-1.926903247833252,-0.9130755066871644,-0.6464737970255003,-0.0909173016172457,0.3309970054438423,89.0
1652957163.1595511,-0.3175302743911743,-0.2952433228492737,-0.4339860677719116,-0.6156362295150757,0.0858568176627159,-0.7833394408226013,-0.0212857648730278,-1.858653664588928,-1.0112987756729126,-0.666091733927199,-0.0859626465949652,0.322680612179595,89.0
1652957163.16968,-0.3155431747436523,-0.3592448830604553,-0.427640438079834,-0.6305475234985352,0.0787176862359047,-0.7721485495567322,0.1594296842813491,-1.7689440250396729,-1.105774164199829,-0.6847898329290801,-0.0787992088482371,0.3148805276425144,89.0
1652957163.179699,-0.3098368644714355,-0.4161847829818725,-0.4420835375785827,-0.6445698738098145,0.069814845919609,-0.7613512277603149,0.2366391867399215,-1.6799668073654177,-1.2010191679000854,-0.7025244824539695,-0.0698716839552091,0.307338498606572,89.0
1652957163.18944,-0.3117674589157104,-0.4347825646400451,-0.4605196118354797,-0.6577150225639343,0.060220543295145,-0.7508558630943298,0.1603686511516571,-1.6003209352493286,-1.27020525932312,-0.7193699025137391,-0.0602570003196415,0.2993441200476355,89.0
1652957163.1995568,-0.3151598572731018,-0.4077086448669433,-0.4729715585708618,-0.6699017882347107,0.0511881038546562,-0.7406830191612244,-0.0397390723228454,-1.488875389099121,-1.3222835063934326,-0.7352615580035804,-0.0512104860611548,0.2901097106922869,89.0
1652957163.209477,-0.3255270719528198,-0.3414520025253296,-0.4708600640296936,-0.6810342073440552,0.0431104116141796,-0.7309814095497131,-0.2399270236492157,-1.3739216327667236,-1.3844767808914185,-0.7500399247233233,-0.0431237760962331,0.2792003479267862,89.0
1652957163.219318,-0.3307392001152038,-0.3113857507705688,-0.4252679347991943,-0.6912029385566711,0.0355279669165611,-0.7217868566513062,-0.3074717223644256,-1.2877119779586792,-1.4310582876205444,-0.7637567164298318,-0.0355354444353777,0.2670491286354249,89.0
1652957163.229253,-0.3196487426757812,-0.3969267606735229,-0.3586547970771789,-0.7006912231445312,0.0274475123733282,-0.712936520576477,-0.2221174091100692,-1.2437841892242432,-1.4679465293884275,-0.7767360370290768,-0.0274509593772652,0.2547797668860972,89.0
1652957163.239451,-0.301992118358612,-0.5099517107009888,-0.3074556291103363,-0.7097724676132202,0.0178285427391529,-0.7042053937911987,-0.0322410762310028,-1.228369951248169,-1.5344830751419067,-0.789335303914109,-0.0178294882245034,0.2432679615410556,89.0
1652957163.296282,-0.3038824796676636,-0.5680499076843262,-0.2634380459785461,-0.7184411287307739,0.0061137983575463,-0.6955609321594238,0.151441678404808,-1.1930269002914429,-1.64094877243042,-0.8015779167426884,-0.0061138364839782,0.2326245487687709,89.0
1652957163.300252,-0.3427814245223999,-0.5681407451629639,-0.1882452517747879,-0.7468792200088501,-0.0666528046131134,-0.6616109013557434,0.0695645809173584,-0.6161085367202759,-1.9097802639007568,-0.8458631950993787,0.0667022553357793,0.1808147328629095,89.0
1652957163.309202,-0.3561216592788696,-0.6158714294433594,-0.1273604333400726,-0.7492250204086304,-0.0815476477146148,-0.6572761535644531,0.0551829785108566,-0.5502445697784424,-1.9854947328567505,-0.8506794605023036,0.0816383021407431,0.1683922789470683,89.0
1652957163.318975,-0.3665037751197815,-0.663806140422821,-0.0764824002981185,-0.7507142424583435,-0.0973915010690689,-0.6534088253974915,0.1794551163911819,-0.4673355221748352,-2.020082235336304,-0.8545873231382843,0.0975461229465459,0.1561541038225814,89.0
1652957163.3290138,-0.3841769099235534,-0.772331714630127,0.0383351892232894,-0.7514584064483643,-0.114049308001995,-0.6498485207557678,0.2669735252857208,-0.4118136465549469,-2.070983409881592,-0.8577823113141393,0.1142980079421987,0.1442574986941387,89.0
1652957163.3389878,-0.4224298596382141,-0.8826931715011597,0.2066025137901306,-0.7509557008743286,-0.1319717764854431,-0.6470308899879456,0.4581016004085541,-0.2105474025011062,-2.0700156688690186,-0.8596005622987888,0.1323578903197816,0.1334488422877092,89.0
1652957163.348815,-0.428956389427185,-0.8919554948806763,0.2683644294738769,-0.7487932443618774,-0.1505055576562881,-0.6454895734786987,0.545028805732727,-0.0032621233258396,-2.0050079822540283,-0.8593539433574318,0.1510796324219762,0.123919268951438,89.0
1652957163.358803,-0.377020001411438,-0.8253971338272095,0.2382606267929077,-0.7451571226119995,-0.1684059053659439,-0.6452754735946655,0.4886887371540069,0.1651344001293182,-1.8990923166275024,-0.8571099309986409,0.1692122576147317,0.1150249741587135,89.0
1652957163.368767,-0.3301584720611572,-0.8001705408096313,0.2249185293912887,-0.7405202984809875,-0.1846658587455749,-0.6461642980575562,0.3545154929161072,0.2733679413795471,-1.7591952085494995,-0.8533377614729789,0.1857318565417104,0.1061266908525529,89.0
1652957163.37878,-0.341438889503479,-0.8409535884857178,0.2541818022727966,-0.7350534796714783,-0.1988381892442703,-0.6481974124908447,0.205018013715744,0.4344880580902099,-1.6023011207580566,-0.8481070843519597,0.2001723031674392,0.0970103135291599,89.0
1652957163.388699,-0.3851902484893799,-0.8828516602516174,0.2965083420276642,-0.7283961772918701,-0.210891306400299,-0.6518926024436951,0.0953964442014694,0.6683452725410461,-1.4426349401474,-0.8407672865975219,0.2124866766196528,0.0878601577317082,89.0
1652957163.398754,-0.4126549363136291,-0.8795421123504639,0.3332632184028625,-0.7202185988426208,-0.2212026715278625,-0.6575368046760559,0.0292424596846103,0.9326579570770264,-1.301136493682861,-0.8308624091953913,0.223047515843167,0.0789546012175319,89.0
1652957163.408513,-0.3963519930839538,-0.8125383257865906,0.3531754612922668,-0.7104137539863586,-0.2300522923469543,-0.6651228070259094,-0.0277838073670864,1.1923433542251587,-1.1892123222351074,-0.8183122863834918,0.2321314112984412,0.0703306701734217,89.0
1652957163.418312,-0.3538628816604614,-0.7315753698348999,0.3463042676448822,-0.6990088224411011,-0.2378905862569809,-0.6743846535682678,-0.0555545203387737,1.4142756462097168,-1.1246860027313232,-0.8033256407745069,0.2401935081733245,0.0618706469734743,89.0
1652957163.428228,-0.3087688684463501,-0.6541320085525513,0.3582661151885986,-0.6862567067146301,-0.2451221793889999,-0.6848114728927612,-0.0447191819548606,1.5681248903274536,-1.078243374824524,-0.7864522527845433,0.2476457173405056,0.0535726943177967,89.0
1652957163.4383578,-0.278980553150177,-0.5978614687919617,0.3924442827701568,-0.6723591089248657,-0.2522160112857818,-0.6959312558174133,0.0163155421614646,1.7014126777648926,-1.0420236587524414,-0.7681724301624157,0.2549696266562397,0.045691701598715,89.0
1652957163.448522,-0.2596087455749511,-0.5549945831298828,0.415323793888092,-0.6575360894203186,-0.2593026757240295,-0.7073955535888672,0.0827294513583183,1.7924736738204956,-0.9902451038360596,-0.7488854864738081,0.2623001048240843,0.0384597557090327,89.0
1652957163.458323,-0.2444979548454284,-0.4930403232574463,0.4178530573844909,-0.642052948474884,-0.2662722468376159,-0.7189347743988037,0.118796981871128,1.8526287078857424,-0.9333674311637878,-0.7289684095444833,0.269523578435848,0.0318306500761954,89.0
1652957163.4683,-0.2363437414169311,-0.4196900129318237,0.4144327342510223,-0.6260829567909241,-0.2728616595268249,-0.7304564118385315,0.1226942464709281,1.8951694965362549,-0.8747813701629639,-0.7086084981551092,0.2763663149488258,0.0256258997509037,89.0
1652957163.478226,-0.2313076853752136,-0.3512964248657226,0.4128498136997223,-0.6096956729888916,-0.2788929343223572,-0.7419500350952148,0.0912762656807899,1.9336017370224,-0.8229348659515381,-0.6878617382316281,0.2826411006365431,0.0196164095731777,89.0
1652957163.488237,-0.2264941334724426,-0.2836669683456421,0.4145738780498504,-0.5929028391838074,-0.2840349376201629,-0.7535186409950256,0.0169903188943862,1.9854642152786253,-0.7502138018608093,-0.666668335989978,0.2879997689220491,0.0135854048169835,89.0
1652957163.498206,-0.2148592472076416,-0.2205109596252441,0.4163486361503601,-0.5756375789642334,-0.2880679965019226,-0.7652831673622131,-0.0349827334284782,2.0457236766815186,-0.6684771776199341,-0.6449005917097693,0.2922086895926362,0.0076588493399337,89.0
1652957163.508161,-0.1867744326591491,-0.1672906279563903,0.4188259840011596,-0.5579918026924133,-0.2910794019699096,-0.7771216034889221,-0.0966764539480209,2.0729782581329346,-0.5848765969276428,-0.6227203091884326,0.2953549082916279,0.0019942662780719,89.0
1652957163.518354,-0.1606379151344299,-0.1072019338607788,0.4289143681526184,-0.5402287244796753,-0.293019562959671,-0.7888551950454712,-0.1671503633260727,2.0767736434936523,-0.4982776641845703,-0.6004694896523126,0.2973835156769642,-0.0034016055996995,89.0
1652957163.528058,-0.153136670589447,-0.0520466566085815,0.4299351871013641,-0.5224766731262207,-0.2938573062419891,-0.800416111946106,-0.2198343425989151,2.0749659538269043,-0.4047652781009674,-0.5783104438864094,0.2982598278761352,-0.008448807179542,89.0
1652957163.537966,-0.1586852669715881,0.0020285844802856,0.426434725522995,-0.5047668814659119,-0.2937595546245575,-0.8117362260818481,-0.2617707550525665,2.0728213787078857,-0.3161101639270782,-0.5563209070612436,0.298157568261797,-0.0129706814808659,89.0
1652957163.5479798,-0.1690050661563873,0.0347035527229309,0.4372185170650482,-0.4870922863483429,-0.2929314076900482,-0.8227589726448059,-0.2602255940437317,2.083984851837158,-0.2208289355039596,-0.5345334853089795,0.2972912896059692,-0.0167701281059843,89.0
1652957163.557945,-0.1721250414848327,0.0535176992416381,0.4507677555084228,-0.4693239331245422,-0.2917406558990478,-0.8334401249885559,-0.2208617180585861,2.09413480758667,-0.1357393413782119,-0.5128576905928783,0.296046152947052,-0.0196560911018458,89.0
1652957163.567922,-0.1630336046218872,0.077660858631134,0.4554464519023895,-0.4516056478023529,-0.290483683347702,-0.8436062932014465,-0.1916508376598358,2.076338291168213,-0.0558975040912628,-0.4915086046975106,0.2947322887340255,-0.0215618097768426,89.0
1652957163.577851,-0.1516866087913513,0.1122894883155822,0.4600750207901001,-0.4341135323047638,-0.2889171540737152,-0.8532715439796448,-0.1885420680046081,2.058863878250122,0.0462141036987304,-0.4706339264516532,0.2930955610586691,-0.0225170430569407,89.0
1652957163.587946,-0.1418726146221161,0.1456246376037597,0.4327389597892761,-0.4168584644794464,-0.286880224943161,-0.8625130653381348,-0.191391110420227,2.042551755905152,0.1435582339763641,-0.4502041346538216,0.2909685666802242,-0.0224984600002159,89.0
1652957163.597797,-0.1301047503948211,0.1812496185302734,0.4047688543796539,-0.3998177349567413,-0.2843464910984039,-0.8713741302490234,-0.2155133634805679,2.0263733863830566,0.2350410521030426,-0.4301775417214876,0.2883247026224392,-0.021613466081218,89.0
1652957163.607748,-0.1149409711360931,0.2028747200965881,0.3988682329654693,-0.3831974267959595,-0.2813145220279693,-0.8797851204872131,-0.2292800396680832,1.965986371040344,0.3224705159664154,-0.4107792533167955,0.2851636804162819,-0.0198967180092624,89.0
1652957163.617707,-0.1122070550918579,0.2236679792404174,0.3927142918109894,-0.3671172559261322,-0.2779223918914795,-0.8876846432685852,-0.2379418313503265,1.9218670129776,0.4044685661792755,-0.3921472461834343,0.2816306245740666,-0.0173717010821683,89.0
1652957163.6276832,-0.1170288622379303,0.2270172238349914,0.3878470063209533,-0.3514159321784973,-0.2741385102272033,-0.8951842784881592,-0.250044047832489,1.894910216331482,0.4956080913543701,-0.3740784752193478,0.2776937719304145,-0.014000634965518,89.0
1652957163.637675,-0.1166496574878692,0.2408798933029174,0.3731505572795868,-0.3359565138816833,-0.2700011432170868,-0.9023483991622924,-0.2644469439983368,1.8803744316101076,0.5798136591911316,-0.3564133456049907,0.2733942161806145,-0.0097603166572307,89.0
1652957163.6479,-0.1041846275329589,0.2752770185470581,0.3599480986595154,-0.3207879066467285,-0.2654656767845154,-0.909188151359558,-0.2874164581298828,1.849074363708496,0.6735199093818665,-0.3391928156944307,0.268686909274371,-0.0046441155762116,89.0
1652957163.657898,-0.0903762280941009,0.2963143587112427,0.3464382886886596,-0.3060623705387115,-0.2604244947433471,-0.9156991839408876,-0.3234388530254364,1.812209725379944,0.7842487096786499,-0.3225654212738171,0.2634618449731193,0.0014431706279549,89.0
1652957163.66794,-0.0836036205291748,0.3049424886703491,0.3184776604175567,-0.2917625904083252,-0.2547874748706817,-0.9219316244125366,-0.3609502613544464,1.7876523733139038,0.8963903784751892,-0.3064964605250008,0.2576279248723158,0.0086027753746029,89.0
1652957163.677711,-0.0767852365970611,0.3233198523521423,0.2949357032775879,-0.2778137326240539,-0.2486252635717392,-0.9279035925865172,-0.3883438110351562,1.75593364238739,1.0031871795654297,-0.2909056681122204,0.2512606855204826,0.0168291680832331,89.0
1652957163.687732,-0.067747563123703,0.3336202502250671,0.287456750869751,-0.264405757188797,-0.2421381771564483,-0.9335195422172546,-0.3903782069683075,1.6867988109588623,1.0898873805999756,-0.2760063401067466,0.2445689987541791,0.026058391166356,89.0
1652957163.697472,-0.0751848518848419,0.3247037529945373,0.2722967267036438,-0.2516278922557831,-0.2357519119977951,-0.93867164850235,-0.3513967096805572,1.643495798110962,1.178278565406799,-0.2619102991364468,0.2379922209048911,0.0362715127228936,89.0
1652957163.7069368,-0.0922688394784927,0.3323981165885925,0.2519048452377319,-0.2389994710683822,-0.2296727746725082,-0.94346684217453,-0.3110477030277252,1.6472513675689695,1.2428631782531738,-0.2481013638093006,0.2317414637768486,0.0474053231075797,89.0
1652957163.717023,-0.0912127345800399,0.3561940193176269,0.2411795109510421,-0.2265057563781738,-0.2240133881568908,-0.947899341583252,-0.2666786313056946,1.6082674264907837,1.2895989418029783,-0.2345571352121225,0.2259305798835973,0.05928769971301,89.0
1652957163.72703,-0.0806983709335327,0.3914889097213745,0.2316283136606216,-0.2145439386367797,-0.2189024835824966,-0.951867938041687,-0.2002415359020233,1.5337573289871216,1.3392248153686523,-0.2216880362727832,0.2206895374696781,0.0718046004116428,89.0
1652957163.736851,-0.0835232138633728,0.397412359714508,0.2092593759298324,-0.203158900141716,-0.2144168466329574,-0.9553804993629456,-0.1507932841777801,1.486874222755432,1.4021556377410889,-0.2095261431346663,0.2160947480433821,0.0850776425988978,89.0
1652957163.747366,-0.0884102284908294,0.3904062509536743,0.1601698994636535,-0.192275196313858,-0.2101882249116897,-0.9585672616958618,-0.1464228332042694,1.434790849685669,1.4761725664138794,-0.1979589793751562,0.2117674843970272,0.0991488612742908,89.0
1652957163.756947,-0.0905737429857254,0.3733263611793518,0.0807483196258544,-0.1819481998682022,-0.2058398574590683,-0.961522102355957,-0.1790162026882171,1.381885290145874,1.5169811248779297,-0.1870180347434166,0.2073218730742818,0.1138219669615557,89.0
1652957163.766762,-0.0928433239459991,0.3658558130264282,0.0124379992485046,-0.1719424277544021,-0.2010061293840408,-0.9643818140029908,-0.274103581905365,1.351613998413086,1.543839931488037,-0.17643891971893,0.2023849062122381,0.1287440770334626,89.0
1652957163.776852,-0.0751764923334121,0.3753421306610107,-0.0334075689315795,-0.1622197479009628,-0.1950927972793579,-0.9672763347625732,-0.4160911440849304,1.302703619003296,1.5611120462417605,-0.1661614545346142,0.1963520683633792,0.1436690513332234,89.0
1652957163.786849,-0.0420797318220138,0.3784951567649841,-0.0823981910943985,-0.1530343741178512,-0.1880180686712265,-0.9701699018478394,-0.5324928164482117,1.2119057178497314,1.5430169105529783,-0.1564506735879368,0.1891438303427973,0.1584649494274722,89.0
1652957163.79673,-0.011197030544281,0.375555157661438,-0.1261176913976669,-0.1447325199842453,-0.1802940666675567,-0.972906231880188,-0.587184488773346,1.0723105669021606,1.4898446798324585,-0.147680019264413,0.1812854074688675,0.1728070066020152,89.0
1652957163.806875,-0.0002885460853576,0.3612972497940063,-0.1426791101694107,-0.1377119421958923,-0.172552227973938,-0.9753261804580688,-0.5649945139884949,0.9147360920906068,1.4526687860488892,-0.140268538175165,0.173420176426311,0.1866825564344883,89.0
1652957163.816684,-0.0174076557159423,0.3149875402450561,-0.1562810540199279,-0.1317012310028076,-0.165618360042572,-0.9773563146591188,-0.4617899060249328,0.8304395079612732,1.4181959629058838,-0.1339456717120649,0.1663849942748812,0.2003267322189288,89.0
1652957163.826827,-0.0484137237071991,0.2675968408584595,-0.170599415898323,-0.1260552704334259,-0.1598907113075256,-0.9790531396865844,-0.3447301387786865,0.7930095791816711,1.3705205917358398,-0.1280477754701874,0.1605799333334537,0.213732611433545,89.0
1652957163.836647,-0.0634024441242218,0.2706445455551147,-0.191386416554451,-0.1205727756023407,-0.155384823679924,-0.9804681539535522,-0.2426775991916656,0.7643281817436218,1.312703251838684,-0.1223603580414588,0.156017000501339,0.2267794578620261,89.0
1652957163.846657,-0.0611361861228942,0.2710810899734497,-0.197552278637886,-0.1151943802833557,-0.1519502848386764,-0.9816523790359496,-0.1521309167146682,0.731216311454773,1.242224097251892,-0.1168131936647197,0.152541177151331,0.2393353989250026,89.0
1652957163.856526,-0.0569732561707496,0.2567355632781982,-0.2105689346790313,-0.1100799590349197,-0.1495232284069061,-0.9826114177703856,-0.0692963600158691,0.6886162757873535,1.1689841747283936,-0.1115628071120958,0.1500860662837326,0.2512795524598367,89.0
1652957163.866452,-0.0554536581039428,0.2337998747825622,-0.2311050742864608,-0.1052213832736015,-0.1479080021381378,-0.9833878874778748,-0.023082798346877,0.6474344730377197,1.088171362876892,-0.1065933081206546,0.1484526742508148,0.2625059883369294,89.0
1652957163.876437,-0.0579983666539192,0.214379608631134,-0.2487827986478805,-0.1006319820880889,-0.1466029435396194,-0.9840633869171144,-0.0257311798632144,0.6065796613693237,1.0306183099746704,-0.1019074410858837,0.147133228375184,0.2730819640679253,89.0
1652957163.886424,-0.0605259910225868,0.2020008563995361,-0.2629820108413696,-0.0962427929043769,-0.1452668607234954,-0.9847003817558287,-0.0473986566066741,0.5858935117721558,0.9753944873809814,-0.0974286953074483,0.1457826909889301,0.2831075216471878,89.0
1652957163.8963552,-0.0541727840900421,0.193867802619934,-0.2749029099941253,-0.0920216739177703,-0.1437524855136871,-0.9853259325027466,-0.0849404409527778,0.5455796122550964,0.9260768294334412,-0.0931220004937483,0.144252251618951,0.2925673560494801,89.0
1652957163.906356,-0.0443479567766189,0.1964694261550903,-0.2880090475082397,-0.0882356613874435,-0.1418768167495727,-0.9859439134597778,-0.1288751363754272,0.4823281764984131,0.8754112124443054,-0.0892558092702154,0.1423571498247116,0.3015027381760894,89.0
1652957163.916232,-0.0399371832609176,0.1986598372459411,-0.295083999633789,-0.0848491862416267,-0.1396236568689346,-0.9865626692771912,-0.1739256978034973,0.4460651576519012,0.8048661947250366,-0.0857937431519687,0.1400813317214658,0.3098050558555789,89.0
1652957163.9262938,-0.0365251004695892,0.1907979249954223,-0.3072233200073242,-0.0816237032413482,-0.1371278911828994,-0.9871846437454224,-0.191112145781517,0.4186854362487793,0.7213870286941528,-0.082495663922892,0.1375613289721758,0.3173244359177527,89.0
1652957163.990623,-0.0255848765373229,0.1749385595321655,-0.3112295866012573,-0.078571617603302,-0.1347543001174926,-0.987758994102478,-0.1785717904567718,0.3823672533035278,0.6046061515808105,-0.0793781923012802,0.1351655037402145,0.3238353856691951,89.0
1652957163.9961848,-0.0350265577435493,0.1024228334426879,-0.2221393436193466,-0.0678024217486381,-0.1367168575525283,-0.988287091255188,0.1869344115257263,0.075444296002388,-0.0297990180552005,-0.0684986608856209,0.137146391128518,0.3392486524696624,89.0
1652957164.00628,-0.0331197902560234,0.0998542308807373,-0.2165960818529129,-0.0671914741396904,-0.1383691132068634,-0.9880988001823424,0.1373468935489654,0.0358076766133308,-0.0762277692556381,-0.0678962377969292,0.1388144995884506,0.3388062427846076,89.0
1652957164.016632,-0.0292109698057174,0.0931402444839477,-0.2013662755489349,-0.066873624920845,-0.1394998133182525,-0.9879614114761353,0.0838578343391418,0.0026570183690637,-0.099263310432434,-0.0675854059373541,0.1399562698988496,0.3379873463283035,89.0
1652957164.036117,-0.0316352769732475,0.0613147020339965,-0.1677569597959518,-0.0669670179486274,-0.1403942853212356,-0.9878283739089966,-0.0043639717623591,-0.0432516708970069,-0.1200175508856773,-0.0676885930347232,0.1408596331325297,0.3358405583822774,89.0
1652957164.045865,-0.0348986983299255,0.0538247823715209,-0.1520424485206604,-0.0672588869929313,-0.1402396559715271,-0.9878305196762084,-0.0408801734447479,-0.0478128641843795,-0.1200186163187027,-0.0679825566055361,0.1407034637758712,0.3346097194246275,89.0
1652957164.05848,-0.036482810974121,0.0649846196174621,-0.128226637840271,-0.0673990175127983,-0.139809250831604,-0.9878819584846495,-0.0597108490765094,-0.0107235014438629,-0.1340194791555404,-0.0681202200246585,0.140268777277384,0.3333026698445008,89.0
1652957164.065838,-0.0299608409404754,0.0650472044944763,-0.1102333515882492,-0.0670697912573814,-0.1393088847398758,-0.9879750609397888,-0.0574785880744457,0.033498290926218,-0.1501584947109222,-0.067782125397799,0.139763453500796,0.3318153606628871,89.0
1652957164.0757298,-0.0190829262137413,0.0731745362281799,-0.0893303155899047,-0.0663052499294281,-0.1389564275741577,-0.9880762696266174,-0.0322071835398674,0.0803960189223289,-0.1601218432188034,-0.0670049394700632,0.1394075421204121,0.330233721943459,89.0
1652957164.0856152,-0.0037619471549987,0.0734056234359741,-0.068445861339569,-0.0651314780116081,-0.1388447880744934,-0.9881700277328492,-0.0099687259644269,0.1107251644134521,-0.1668362021446228,-0.0658160076146411,0.1392948140206808,0.3285750243743888,89.0
1652957164.095602,0.0138160064816474,0.0651547908782959,-0.0482260137796402,-0.0639868974685669,-0.1396707147359848,-0.988128423690796,0.0397662743926048,0.0895016342401504,-0.1767976433038711,-0.0646653666557972,0.1401288652367213,0.3268776317182695,89.0
1652957164.105379,0.0204890668392181,0.0670627355575561,-0.024541363120079,-0.0631068572402,-0.1409249603748321,-0.9880069494247437,0.0957781448960304,0.0534152686595916,-0.1824587136507034,-0.0637862425372168,0.1413956308261925,0.3251153687595414,89.0
1652957164.1152868,0.0121734291315078,0.0629941821098327,0.0058450698852539,-0.0625426918268203,-0.1426248550415039,-0.9877988696098328,0.1500056982040405,0.0271571949124336,-0.188733771443367,-0.0632308043242802,0.1431128845229493,0.3233232109904405,89.0
1652957164.125475,0.0004338361322879,0.0461100935935974,0.0255525410175323,-0.0622166655957698,-0.144708439707756,-0.9875163435935974,0.1867597252130508,0.0026899350341409,-0.1766291707754135,-0.062920012161047,0.1452183081469488,0.3216322876298084,89.0
1652957164.135275,-0.0030459240078926,0.0398150086402893,0.0217129588127136,-0.062139619141817,-0.1468655616044998,-0.9872027039527892,0.1734619587659835,-0.0198742300271987,-0.1502467542886734,-0.0628622108475132,0.1473987161488388,0.3201274378211914,89.0
1652957164.145534,0.0025135800242424,0.0545994639396667,0.0113707333803176,-0.0623432844877243,-0.1486235409975052,-0.9869267344474792,0.1199912726879119,-0.0469037182629108,-0.1226345747709274,-0.0630852910712174,0.1491762143302377,0.3188510213529779,89.0
1652957164.155316,0.00563196092844,0.0659595727920532,0.0093614012002944,-0.0628524124622345,-0.1497727930545807,-0.9867206811904908,0.0642867982387542,-0.0758249536156654,-0.1033406928181648,-0.0636123396760046,0.1503384666879852,0.3177762497795781,89.0
1652957164.165173,0.0093423724174499,0.0557738542556762,0.0145331770181655,-0.0636026188731193,-0.1504127085208892,-0.9865752458572388,0.0266749709844589,-0.1020078286528587,-0.0906749665737152,-0.0643789984160588,0.1509857150940808,0.3168193892073482,89.0
1652957164.175458,0.011227436363697,0.0387907028198242,0.0154419392347335,-0.0644958615303039,-0.150833174586296,-0.9864530563354492,0.0224179085344076,-0.115208476781845,-0.0957822576165199,-0.0652886574518233,0.1514110349932433,0.3158995494773566,89.0
1652957164.1851702,0.0103551149368286,0.0168569684028625,0.023581638932228,-0.0654088258743286,-0.1512824594974517,-0.9863241314888,0.0454348102211952,-0.1173318102955818,-0.0968152955174446,-0.0662187911355089,0.1518655363591305,0.3149395491074412,89.0
1652957164.19514,0.0148618891835212,0.0087150335311889,0.0270251184701919,-0.0663297772407531,-0.1519335657358169,-0.986162543296814,0.0802927911281585,-0.1157490909099578,-0.106259100139141,-0.067159339983833,0.152524257575035,0.3139425066789891,89.0
1652957164.2051969,0.0174703150987625,-0.0006592869758605,0.0243909060955047,-0.0672902539372444,-0.1527325958013534,-0.9859740138053894,0.0876788049936294,-0.1217848807573318,-0.1085659265518188,-0.0681418276116166,0.1533327243376403,0.3129093236050077,89.0
1652957164.2149549,0.0099923089146614,-0.0118941664695739,0.0194095075130462,-0.0682961270213127,-0.1533969193696975,-0.9858016967773438,0.0512764528393745,-0.1103231683373451,-0.1062417104840278,-0.0691692563800192,0.1540049747102428,0.311885573591053,89.0
1652957164.225606,-0.0073592886328697,-0.0202240347862243,0.0032909065485,-0.0690414607524871,-0.1535442024469375,-0.9857268929481506,-0.0273610986769199,-0.0693280696868896,-0.0933821052312851,-0.0699269668577242,0.1541540112352424,0.3109007071205572,89.0
1652957164.235131,-0.0120272934436798,-0.0146460533142089,-0.0201469212770462,-0.0692715346813201,-0.1527961939573288,-0.9858269691467284,-0.1357634663581848,-0.0185625161975622,-0.0824547708034515,-0.0701521314003874,0.1533970811790936,0.3099463991033101,89.0
1652957164.245292,0.0011283457279205,-0.0101397037506103,-0.0192219614982604,-0.0691520199179649,-0.1510356068611145,-0.9861066341400146,-0.2162814885377884,-0.0071394192054867,-0.0871011912822723,-0.0700116974671474,0.1516158188358088,0.308943845249982,89.0
1652957164.255145,0.0198932215571403,-0.0133153796195983,-0.001914620399475,-0.0690265223383903,-0.1487964540719986,-0.986455738544464,-0.2300817221403122,-0.0273125991225242,-0.0987924635410308,-0.0698603971041742,0.1493510607010555,0.3078187207004882,89.0
1652957164.264922,0.0297184884548187,-0.0244275331497192,0.0186559557914733,-0.0690861642360687,-0.1464483141899109,-0.9868029356002808,-0.2062253952026367,-0.0505678541958332,-0.1063726246356964,-0.0698960432185406,0.14697691770734,0.306625615637154,89.0
1652957164.275178,0.0261485427618026,-0.0258657336235046,0.0349817723035812,-0.0693003982305526,-0.1445093601942062,-0.9870737195014954,-0.1493246853351593,-0.0761628001928329,-0.1091042682528495,-0.0700929108153583,0.1450171114311365,0.3053834959925381,89.0
1652957164.2849278,0.0213557854294776,-0.022820770740509,0.0421228259801864,-0.0697261318564415,-0.1433038413524627,-0.9872194528579712,-0.0758139863610267,-0.0984231010079383,-0.1171592622995376,-0.0705117149297648,0.1437989173265781,0.3041221795036726,89.0
1652957164.294973,0.0118612051010131,-0.0234752893447875,0.0478967577219009,-0.070348136126995,-0.1428827345371246,-0.9872363805770874,-0.0025169355794787,-0.0942023620009422,-0.1143368855118751,-0.071137399970228,0.1433734269735811,0.3029008806522092,89.0
1652957164.3051472,0.0083468407392501,-0.0317481756210327,0.0353759676218032,-0.0711214914917945,-0.1432556062936782,-0.9871269464492798,0.0434255227446556,-0.0818767175078392,-0.0998769849538803,-0.0719246983999348,0.1437501691443847,0.3018508438107729,89.0
1652957164.314838,0.0133041366934776,-0.034292995929718,0.022097110748291,-0.0718826279044151,-0.144320011138916,-0.986916720867157,0.0425165183842182,-0.0644206553697586,-0.0939282029867172,-0.0727071630237936,0.1448257583998535,0.3009630443717814,89.0
1652957164.325251,0.0207796543836593,-0.0398616790771484,0.0084209889173507,-0.0721865147352218,-0.1453075855970382,-0.9867496490478516,0.0096778785809874,-0.0578407868742942,-0.0824941843748092,-0.0730257670899531,0.1458238564680257,0.3000754284474022,89.0
1652957164.334722,0.0237955302000045,-0.035810112953186,-0.0044222623109817,-0.0721353664994239,-0.1451749205589294,-0.986772894859314,-0.0644853711128234,-0.0596795417368412,-0.0691490843892097,-0.0729724937542036,0.1456897593777326,0.2992169998285891,89.0
1652957164.344782,0.0208476334810256,-0.0360692739486694,-0.0159568935632705,-0.0720103457570076,-0.1439857333898544,-0.9869562387466432,-0.1267609894275665,-0.0481943935155868,-0.0644565969705581,-0.0728329883507904,0.1444879558574097,0.2983981235961341,89.0
1652957164.354877,0.0066747143864631,-0.0382623672485351,-0.0099092125892639,-0.07190603017807,-0.1421141177415847,-0.9872350692749025,-0.1725992411375045,-0.0251898448914289,-0.0644878298044204,-0.0727073801604213,0.1425968794505794,0.2975900641973468,89.0
1652957164.3646622,-0.003742903470993,-0.0477007627487182,0.0025630295276641,-0.0717118084430694,-0.1400294601917266,-0.9875470399856568,-0.173136681318283,-0.0025875978171825,-0.068011999130249,-0.072488855931936,0.1404911746524027,0.2967659618216516,89.0
1652957164.374659,-0.0118676871061325,-0.0544410347938537,0.0064081996679306,-0.0714147761464119,-0.1379847377538681,-0.9878563284873962,-0.1764713525772094,0.0216972362250089,-0.0593939274549484,-0.0721671303101326,0.1384263986620199,0.2959822363234624,89.0
1652957164.384629,-0.0091649293899536,-0.0420357584953308,0.0077288150787353,-0.0710199922323226,-0.1361010074615478,-0.9881460666656494,-0.1658456027507782,0.028394553810358,-0.0547693520784378,-0.0717485856066933,0.1365247212306362,0.2952722115421143,89.0
1652957164.394525,-0.0011934861540794,-0.0244799256324768,0.009530484676361,-0.0706143677234649,-0.1344694644212722,-0.9883984923362732,-0.1463774442672729,0.0152511596679687,-0.0507871620357036,-0.071322036816409,0.1348780404535758,0.2945957611981186,89.0
1652957164.4048882,0.0027659684419631,-0.0095816850662231,0.0165556371212005,-0.070331871509552,-0.1332243382930755,-0.988587200641632,-0.1070587933063507,-0.0069742500782012,-0.0399006940424442,-0.071024156246031,0.1336216102464282,0.2940285691471718,89.0
1652957164.414425,0.0031302347779273,-0.0081543326377868,0.0237346589565277,-0.0702536478638649,-0.1326366364955902,-0.9886718392372132,-0.0383297950029373,-0.0317001044750213,-0.0378179885447025,-0.0709393717243238,0.1330286503135927,0.2935483862078599,89.0
1652957164.424473,-0.0012073069810867,-0.0126371383666992,0.0336529016494751,-0.0704632177948951,-0.1327282190322876,-0.9886445999145508,0.0194102004170417,-0.0545087493956089,-0.0254390835762023,-0.0711522306576776,0.1331210496954405,0.293201782109534,89.0
1652957164.4343,-0.0076491311192512,-0.0105637311935424,0.03488789498806,-0.07097939401865,-0.1332613080739975,-0.9885359406471252,0.0564286075532436,-0.0691822320222854,-0.022573709487915,-0.0716795279284047,0.1336589118466854,0.2929662871161985,89.0
1652957164.444662,-0.0107103511691093,-0.0021954774856567,0.0242746770381927,-0.07162606716156,-0.1337717622518539,-0.9884203672409058,0.0401982367038726,-0.0652303695678711,-0.0077556162141263,-0.0723387416259601,0.1341739773617862,0.2928578778617579,89.0
1652957164.454836,-0.0103727206587791,0.0053771138191223,0.0002302676439285,-0.0722688734531402,-0.1339582949876785,-0.9883483052253724,0.009155299514532,-0.0417350530624389,0.0160827189683914,-0.0729909558736629,0.1343622133605003,0.292929753336428,89.0
1652957164.46424,-0.0071387812495231,0.0105313062667846,-0.0138372480869293,-0.0726951956748962,-0.1336389482021331,-0.9883602857589722,-0.0436075143516063,-0.0261936448514461,0.041126549243927,-0.0734191112833683,0.1340399598575962,0.2932288302430028,89.0
1652957164.474235,-0.0029951035976409,0.0158579349517822,-0.0114005208015441,-0.0729783996939659,-0.1327950358390808,-0.9884531497955322,-0.0859852582216262,-0.0265774056315422,0.0575139299035072,-0.0736972035215317,0.1331884684280785,0.2936744379035512,89.0
1652957164.484257,0.0044982880353927,0.0205532908439636,0.005757063627243,-0.0732238665223121,-0.131550520658493,-0.9886013865470886,-0.0956804975867271,-0.0319282300770282,0.0562907457351684,-0.0739331387946069,0.1319329273726153,0.294163507985645,89.0
1652957164.494137,0.0049431174993515,0.0246574282646179,0.0207519978284835,-0.0735771507024765,-0.130203291773796,-0.9887534976005554,-0.0788763538002967,-0.0510236248373985,0.0522011555731296,-0.0742771442471912,0.1305740209423281,0.2946321370035545,89.0
1652957164.504123,-0.0013792216777801,0.0274407863616943,0.02875417470932,-0.0741670429706573,-0.1290044337511062,-0.9888665676116944,-0.0450901612639427,-0.0671370849013328,0.060437511652708,-0.0748619067268492,0.1293649526616037,0.2951368561627445,89.0
1652957164.513989,-0.0055356696248054,0.0307947993278503,0.0310301482677459,-0.0750154703855514,-0.1281828731298446,-0.9889094233512878,-0.0093784378841519,-0.082410842180252,0.0577665194869041,-0.0757117698961435,0.1285365141078943,0.2956923764167959,89.0
1652957164.524185,-0.0039193853735923,0.0300463438034057,0.0339491069316864,-0.0760824456810951,-0.1279127299785614,-0.9888628721237184,0.0266525335609912,-0.0938491225242614,0.056605115532875,-0.07678804339057,0.1282641334545717,0.2962725311817569,89.0
1652957164.533884,-0.002479612827301,0.0277771353721618,0.02931609749794,-0.0772628113627433,-0.128467708826065,-0.9886993765830994,0.0603961162269115,-0.1008155792951583,0.0567054748535156,-0.0779874152428294,0.1288237346569326,0.2968836713104203,89.0
